r g mean median sd
1 0 0.257885 0.248 0.131005504530219
1 1 0.21472 0.2 0.160352844173824
1 2 0.18652 0.16 0.163168972889191
1 3 0.14944 0.08 0.158240090768194
1 4 0.1244 0.04 0.160199575230098
1 5 0.09244 0 0.143695144993471
1 6 0.08312 0 0.141988825005443
1 7 0.06284 0 0.120545699490549
1 8 0.05224 0 0.116253590470563
1 9 0.04916 0 0.115133618679125
1 10 0.04564 0 0.112006856646975
1 11 0.04488 0 0.112861522776025
1 12 0.04212 0 0.108764586770398
1 13 0.03696 0 0.102001778233337
1 14 0.03196 0 0.095969623155291
1 15 0.02884 0 0.0908477171298636
1 16 0.02668 0 0.0904143370951331
1 17 0.02264 0 0.0845705775230522
1 18 0.01912 0 0.076891728670501
1 19 0.0166 0 0.0707208699143431
1 20 0.01508 0 0.0650355535320737
1 21 0.01304 0 0.0600263405644685
2 0 0.25018 0.214 0.132490102374582
2 1 0.22652 0.2 0.147984421440194
2 2 0.205 0.2 0.164673365537106
2 3 0.1738 0.12 0.166417711962564
2 4 0.14608 0.08 0.159984463710164
2 5 0.11872 0.04 0.151564287790143
2 6 0.10784 0 0.148071805755382
2 7 0.09604 0 0.145092281566492
2 8 0.08788 0 0.145235667103501
2 9 0.07136 0 0.127859682849984
2 10 0.04976 0 0.108854911656718
2 11 0.04304 0 0.10456046715318
2 12 0.03924 0 0.0996220203918137
2 13 0.0338 0 0.0965716629559939
2 14 0.03116 0 0.091208406264847
2 15 0.02688 0 0.0825074122311024
2 16 0.02548 0 0.0814997657163001
2 17 0.02484 0 0.0872891390368458
2 18 0.02396 0 0.0819795037740473
2 19 0.02128 0 0.0784328586328033
2 20 0.0208 0 0.0792517560741769
2 21 0.01788 0 0.0728231337475174
3 0 0.248326 0.244 0.128055112493941
3 1 0.21328 0.2 0.158591275903792
3 2 0.17208 0.12 0.150758089672168
3 3 0.13976 0.08 0.157294258903127
3 4 0.11144 0.04 0.144738646102814
3 5 0.10312 0 0.144537734715737
3 6 0.08592 0 0.139267904231912
3 7 0.08312 0 0.143224225530386
3 8 0.07724 0 0.140676125096521
3 9 0.06244 0 0.122230055987006
3 10 0.05424 0 0.118646109499213
3 11 0.03952 0 0.102468870733845
3 12 0.04224 0 0.109955775985951
3 13 0.03672 0 0.10577158989648
3 14 0.03304 0 0.100431294151001
3 15 0.02544 0 0.0838656058216945
3 16 0.02224 0 0.0748370428530082
3 17 0.01856 0 0.0704932315594603
3 18 0.01868 0 0.0744728393698253
3 19 0.01768 0 0.0725305334206104
3 20 0.01636 0 0.0676056278790525
3 21 0.01916 0 0.077535192694067
4 0 0.254753 0.248 0.128876464624594
4 1 0.22836 0.24 0.149432394213706
4 2 0.2004 0.16 0.155398805622144
4 3 0.17908 0.16 0.164030666826846
4 4 0.15732 0.12 0.159852339270873
4 5 0.1418 0.08 0.158228304029956
4 6 0.11732 0.04 0.147567590594255
4 7 0.11004 0 0.152007581076421
4 8 0.10356 0 0.150690524035302
4 9 0.09596 0 0.147487731798381
4 10 0.09472 0 0.152499763205645
4 11 0.09028 0 0.153214216690868
4 12 0.08536 0 0.147846978762263
4 13 0.07692 0 0.144133577240309
4 14 0.0704 0 0.136845045823978
4 15 0.06636 0 0.132433715832069
4 16 0.05948 0 0.124807477766785
4 17 0.0548 0 0.120812067094126
4 18 0.04796 0 0.114245746049866
4 19 0.04568 0 0.116291277666303
4 20 0.0448 0 0.114862323471856
4 21 0.04064 0 0.110861538329038
5 0 0.247041 0.214 0.127762367470009
5 1 0.21888 0.2 0.143845184267799
5 2 0.17372 0.16 0.152335707461408
5 3 0.1504 0.08 0.15576168239237
5 4 0.13972 0.08 0.162935783883313
5 5 0.13236 0.04 0.159727089572004
5 6 0.117 0 0.155045280608727
5 7 0.10336 0 0.148176471366633
5 8 0.0914 0 0.145618834100692
5 9 0.07352 0 0.132874622352296
5 10 0.0542 0 0.11303068581556
5 11 0.04788 0 0.118706346910335
5 12 0.0306 0 0.0902162899867811
5 13 0.0296 0 0.0892221979139754
5 14 0.02992 0 0.0919458952191323
5 15 0.03128 0 0.0958684116503051
5 16 0.0292 0 0.0945785657805462
5 17 0.02952 0 0.0972029732982383
5 18 0.026 0 0.0891243128621093
5 19 0.02536 0 0.0909436151752345
5 20 0.02708 0 0.0956358709889747
5 21 0.02804 0 0.0971884972823636
6 0 0.250433 0.247 0.127949179378
6 1 0.21004 0.2 0.15323014676583
6 2 0.1824 0.12 0.164795016300243
6 3 0.14052 0.08 0.155377835844987
6 4 0.10532 0 0.143371730313382
6 5 0.08328 0 0.133976084400132
6 6 0.07492 0 0.132483000212651
6 7 0.07336 0 0.132866715034142
6 8 0.06544 0 0.126411970898275
6 9 0.05812 0 0.119483647173753
6 10 0.05112 0 0.113340158776982
6 11 0.04752 0 0.113226630568386
6 12 0.03752 0 0.102767751803816
6 13 0.03512 0 0.101647025129699
6 14 0.0322 0 0.0959059849955046
6 15 0.03148 0 0.0969577764308279
6 16 0.02824 0 0.0885841382503073
6 17 0.02828 0 0.088363169078806
6 18 0.0278 0 0.0891106093610671
6 19 0.02768 0 0.0890850927695187
6 20 0.025 0 0.0836061600002655
6 21 0.0244 0 0.0852708104283706
7 0 0.248346 0.245 0.12971721103554
7 1 0.20656 0.2 0.154712968113544
7 2 0.17508 0.16 0.159753919873394
7 3 0.15436 0.12 0.156319628409954
7 4 0.15028 0.08 0.164364647468175
7 5 0.12516 0.04 0.151180123792216
7 6 0.09784 0 0.135212487651166
7 7 0.06868 0 0.122063742188896
7 8 0.06468 0 0.128178497913368
7 9 0.06092 0 0.122891235878951
7 10 0.0612 0 0.124943871282152
7 11 0.0586 0 0.126445357480725
7 12 0.044 0 0.10363561328202
7 13 0.03588 0 0.0925699454185579
7 14 0.03116 0 0.0896498270577891
7 15 0.0286 0 0.0895749053232191
7 16 0.02764 0 0.090231769195623
7 17 0.02476 0 0.085157467048957
7 18 0.021 0 0.0778631020616483
7 19 0.01976 0 0.0743981013029061
7 20 0.01808 0 0.0710250530317166
7 21 0.0188 0 0.0778191224302601
8 0 0.245769 0.2145 0.126268933164427
8 1 0.22108 0.2 0.149993772309825
8 2 0.16148 0.12 0.157098980549492
8 3 0.1506 0.08 0.160218944292209
8 4 0.1372 0.04 0.163804126296598
8 5 0.12548 0.04 0.156836753879208
8 6 0.11544 0 0.154038093126779
8 7 0.10488 0 0.14841500130584
8 8 0.08452 0 0.138680935971755
8 9 0.0654 0 0.116125471474286
8 10 0.06264 0 0.123451491164225
8 11 0.05736 0 0.119335121700492
8 12 0.05608 0 0.122086603436818
8 13 0.05188 0 0.116820000481564
8 14 0.04792 0 0.114591469162433
8 15 0.04412 0 0.108308616260925
8 16 0.04264 0 0.111795924472803
8 17 0.04096 0 0.111464356198305
8 18 0.0376 0 0.104546496689129
8 19 0.03624 0 0.102775606177853
8 20 0.0352 0 0.100398405564231
8 21 0.0356 0 0.104481368465178
9 0 0.254949 0.249 0.132477222999328
9 1 0.23328 0.24 0.149761377097268
9 2 0.21424 0.2 0.157930885404232
9 3 0.17176 0.12 0.155520703088332
9 4 0.16212 0.1 0.16679366212697
9 5 0.13368 0.04 0.15722842738633
9 6 0.0904 0 0.137242396785671
9 7 0.07764 0 0.13924158365452
9 8 0.07972 0 0.141576712652772
9 9 0.07732 0 0.143350503895058
9 10 0.07068 0 0.134056363924689
9 11 0.065 0 0.13027344768283
9 12 0.0656 0 0.136317359211593
9 13 0.05568 0 0.12111154199995
9 14 0.04824 0 0.113853700269535
9 15 0.04396 0 0.107855232377253
9 16 0.043 0 0.109433887693784
9 17 0.04136 0 0.109298199877658
9 18 0.0324 0 0.0916091274504469
9 19 0.02884 0 0.0864020816862633
9 20 0.03004 0 0.0930583594216998
9 21 0.02748 0 0.0899429782658954
10 0 0.250872 0.2455 0.128831367054523
10 1 0.21864 0.2 0.150800833191635
10 2 0.18648 0.16 0.158065158065255
10 3 0.1732 0.12 0.159524317920523
10 4 0.14196 0.08 0.157231294849594
10 5 0.11128 0 0.149957490139202
10 6 0.09632 0 0.147930866086632
10 7 0.07684 0 0.13653078427613
10 8 0.07312 0 0.136845139454027
10 9 0.06044 0 0.121675845636722
10 10 0.05256 0 0.117207439968562
10 11 0.05036 0 0.117783459549053
10 12 0.04432 0 0.106639155611387
10 13 0.0372 0 0.0941712707157986
10 14 0.03192 0 0.0875990136199443
10 15 0.0304 0 0.0882112306978041
10 16 0.03036 0 0.0905807665858226
10 17 0.03104 0 0.0938025443008734
10 18 0.0272 0 0.0876758065092477
10 19 0.02648 0 0.0882235399028683
10 20 0.02656 0 0.088235774785242
10 21 0.02576 0 0.0875081715046091
11 0 0.255126 0.248 0.125956568630545
11 1 0.24232 0.24 0.149155170426187
11 2 0.21724 0.2 0.165787417700704
11 3 0.19076 0.16 0.170476052524935
11 4 0.14808 0.08 0.158638834715463
11 5 0.1282 0.04 0.152081191107542
11 6 0.10444 0 0.144791059291832
11 7 0.10124 0 0.14702679782706
11 8 0.08584 0 0.139535531548651
11 9 0.07764 0 0.137412199285626
11 10 0.06624 0 0.130010634815638
11 11 0.05736 0 0.126222670557086
11 12 0.04932 0 0.116737162742484
11 13 0.0452 0 0.11053858502251
11 14 0.04128 0 0.107153364125647
11 15 0.03404 0 0.0963377359053002
11 16 0.03132 0 0.0957968404209379
11 17 0.02876 0 0.0927052137512053
11 18 0.02772 0 0.0946264009447456
11 19 0.02572 0 0.0892504747732316
11 20 0.02372 0 0.0858273145794969
11 21 0.02352 0 0.0849354085386279
12 0 0.251541 0.2455 0.131551374310887
12 1 0.22088 0.2 0.149159894992837
12 2 0.15472 0.12 0.141597215267008
12 3 0.13092 0.08 0.144585125301528
12 4 0.1212 0.04 0.14906099147389
12 5 0.08864 0 0.138906606917905
12 6 0.0768 0 0.130808527515873
12 7 0.061 0 0.118889590523034
12 8 0.05772 0 0.114325289730102
12 9 0.05316 0 0.109882157279917
12 10 0.04836 0 0.114385289239458
12 11 0.04464 0 0.114015217711803
12 12 0.0418 0 0.109971149187656
12 13 0.0368 0 0.103105726275463
12 14 0.03248 0 0.0933646965751325
12 15 0.02764 0 0.0870517570667497
12 16 0.02856 0 0.0898821740124548
12 17 0.029 0 0.0933193897778404
12 18 0.02524 0 0.0869718719271151
12 19 0.02208 0 0.0803326018931724
12 20 0.02292 0 0.0838003347015756
12 21 0.02056 0 0.0797975817556776
13 0 0.254791 0.249 0.127757243365033
13 1 0.23488 0.24 0.146964567784838
13 2 0.20484 0.2 0.152886718680037
13 3 0.18028 0.16 0.157751726479323
13 4 0.14712 0.08 0.15938980742416
13 5 0.1328 0.04 0.162323469987888
13 6 0.12252 0.04 0.15401743723024
13 7 0.11292 0 0.153082029342793
13 8 0.0866 0 0.134777613144784
13 9 0.0742 0 0.128426061425449
13 10 0.05508 0 0.117299414971912
13 11 0.04616 0 0.110634055761751
13 12 0.04708 0 0.114471731782905
13 13 0.04468 0 0.113316098318545
13 14 0.03672 0 0.0990143698936949
13 15 0.03652 0 0.104063051650039
13 16 0.02844 0 0.0887639873228183
13 17 0.0218 0 0.0751905154498465
13 18 0.02132 0 0.0791639092296769
13 19 0.01968 0 0.0768961027010512
13 20 0.01896 0 0.0766393632018951
13 21 0.01772 0 0.0729501427231183
14 0 0.250929 0.2455 0.126960122998648
14 1 0.2112 0.2 0.148147587586527
14 2 0.16588 0.16 0.150984177388963
14 3 0.15256 0.12 0.162174433703179
14 4 0.13036 0.08 0.155738643004634
14 5 0.11916 0.04 0.154305880330935
14 6 0.11056 0 0.153189926410171
14 7 0.10732 0 0.151741368924374
14 8 0.09256 0 0.140682756718931
14 9 0.08308 0 0.140236157177027
14 10 0.07288 0 0.134006206062493
14 11 0.06564 0 0.126529839169266
14 12 0.05904 0 0.121659687158399
14 13 0.0518 0 0.109613754498125
14 14 0.0462 0 0.108623013026517
14 15 0.04188 0 0.105888989409089
14 16 0.0354 0 0.0959627471931106
14 17 0.0366 0 0.105274511268031
14 18 0.02744 0 0.0884741435339957
14 19 0.02328 0 0.0824575093053437
14 20 0.02044 0 0.0774765061745108
14 21 0.01976 0 0.0782180315557766
15 0 0.251534 0.247 0.127973208078824
15 1 0.22328 0.2 0.148932946733161
15 2 0.2026 0.2 0.155403314604902
15 3 0.17736 0.16 0.159998218208297
15 4 0.13016 0.08 0.149288517513778
15 5 0.09884 0 0.137817444643441
15 6 0.08468 0 0.135249362253543
15 7 0.06972 0 0.124583476603612
15 8 0.06736 0 0.126238530435706
15 9 0.06444 0 0.125663350574771
15 10 0.0574 0 0.11760557414966
15 11 0.0546 0 0.121028458999889
15 12 0.05112 0 0.119556846058431
15 13 0.04588 0 0.114245689974185
15 14 0.0392 0 0.104937943433117
15 15 0.03612 0 0.102122351003953
15 16 0.02752 0 0.0846558693547956
15 17 0.02692 0 0.0875704412583503
15 18 0.02804 0 0.0917811646373164
15 19 0.02696 0 0.0888563664227491
15 20 0.02532 0 0.086560905669883
15 21 0.02372 0 0.0824776585759087
16 0 0.25618 0.247 0.132821825153991
16 1 0.225 0.24 0.151497694872072
16 2 0.19252 0.16 0.156067955733414
16 3 0.16736 0.12 0.159960675848215
16 4 0.14356 0.08 0.158522098319621
16 5 0.11148 0.04 0.15258929547348
16 6 0.1108 0 0.156739041489755
16 7 0.0972 0 0.149264999380431
16 8 0.08692 0 0.148166348631755
16 9 0.0758 0 0.142473361224682
16 10 0.05864 0 0.123886634865502
16 11 0.04916 0 0.113677689178735
16 12 0.04432 0 0.108927511689209
16 13 0.03956 0 0.105145908441851
16 14 0.03552 0 0.10179140971168
16 15 0.03484 0 0.101735561749688
16 16 0.03532 0 0.104231289744307
16 17 0.03496 0 0.101796664783091
16 18 0.03492 0 0.102069641969646
16 19 0.03396 0 0.102814830103878
16 20 0.03384 0 0.102737575450316
16 21 0.03072 0 0.0959827812385862
17 0 0.262756 0.25 0.127936211207532
17 1 0.2306 0.24 0.149846902183843
17 2 0.18864 0.16 0.151005142140766
17 3 0.16452 0.12 0.148679774264273
17 4 0.14728 0.12 0.15209120070975
17 5 0.12136 0.06 0.145833527756198
17 6 0.1118 0.04 0.14415526608744
17 7 0.10364 0 0.15115554372367
17 8 0.09476 0 0.146927635692303
17 9 0.0746 0 0.125338540560156
17 10 0.06556 0 0.124504569345016
17 11 0.0628 0 0.122914881393866
17 12 0.057 0 0.12323549402257
17 13 0.05424 0 0.116301110692669
17 14 0.05548 0 0.128034223402817
17 15 0.05352 0 0.126906717375066
17 16 0.04952 0 0.117752431971638
17 17 0.04796 0 0.118795415529181
17 18 0.04652 0 0.115950567631789
17 19 0.04328 0 0.112564258591759
17 20 0.04152 0 0.110055448760167
17 21 0.03952 0 0.106108570005578
18 0 0.254726 0.249 0.126844741761385
18 1 0.22392 0.2 0.152981164974113
18 2 0.17216 0.16 0.150836620507376
18 3 0.14316 0.12 0.14824571221857
18 4 0.11624 0.04 0.142007142174006
18 5 0.10864 0.04 0.144179534394234
18 6 0.09068 0 0.135310925821408
18 7 0.08172 0 0.134928304099797
18 8 0.07856 0 0.135541498803495
18 9 0.06068 0 0.122187017588888
18 10 0.05604 0 0.118733382062569
18 11 0.04932 0 0.112702437593157
18 12 0.0462 0 0.114116530715679
18 13 0.03808 0 0.110904523863607
18 14 0.03288 0 0.101861088160697
18 15 0.02944 0 0.093601536566702
18 16 0.02736 0 0.0884265211893448
18 17 0.02708 0 0.0898685147866034
18 18 0.02488 0 0.0856943938022151
18 19 0.0234 0 0.081239398322734
18 20 0.02376 0 0.0834219492796807
18 21 0.02452 0 0.0869202204594807
19 0 0.254919 0.248 0.131239835161941
19 1 0.20352 0.16 0.150574507411721
19 2 0.18296 0.16 0.155649173030457
19 3 0.1638 0.12 0.160768798610323
19 4 0.14112 0.08 0.158739862491889
19 5 0.12748 0.04 0.152128869031466
19 6 0.1212 0.04 0.153120886903146
19 7 0.10808 0 0.152240240050687
19 8 0.09736 0 0.150049142433888
19 9 0.087 0 0.145830952361516
19 10 0.07872 0 0.13878913510799
19 11 0.07052 0 0.133037696269248
19 12 0.0724 0 0.138169934974766
19 13 0.0602 0 0.124705699595133
19 14 0.04892 0 0.111333862004463
19 15 0.04016 0 0.100592709941095
19 16 0.04048 0 0.107741253834257
19 17 0.03156 0 0.0914041635874489
19 18 0.03228 0 0.0976008582315111
19 19 0.0312 0 0.0970730816611031
19 20 0.0304 0 0.0968980352186216
19 21 0.02716 0 0.0894692077708255
20 0 0.254773 0.246 0.12896744578797
20 1 0.23544 0.24 0.146338721538154
20 2 0.20116 0.2 0.157569929500151
20 3 0.17452 0.16 0.163020689930283
20 4 0.15228 0.12 0.156987409197829
20 5 0.1286 0.04 0.157979104306226
20 6 0.10804 0 0.147942033395669
20 7 0.09764 0 0.144019345825385
20 8 0.0916 0 0.144537646068874
20 9 0.08128 0 0.13531841217171
20 10 0.07208 0 0.129486835008199
20 11 0.06636 0 0.126242177925951
20 12 0.05188 0 0.113326556942795
20 13 0.04884 0 0.112897299348568
20 14 0.0486 0 0.111832672088914
20 15 0.04664 0 0.110823247525924
20 16 0.03904 0 0.101728201729054
20 17 0.03296 0 0.098979974921372
20 18 0.03368 0 0.101630637046052
20 19 0.03164 0 0.0972191440096135
20 20 0.02972 0 0.0944247723727076
20 21 0.02892 0 0.0970951134767402
21 0 0.255578 0.248 0.129569194224909
21 1 0.21648 0.2 0.148798355335503
21 2 0.17752 0.16 0.153585931120784
21 3 0.15324 0.08 0.158412742533538
21 4 0.13656 0.04 0.159220342662354
21 5 0.10332 0 0.148004334000336
21 6 0.09508 0 0.149713752901354
21 7 0.08212 0 0.131617737515993
21 8 0.07576 0 0.133181679519969
21 9 0.06448 0 0.122211559458446
21 10 0.05628 0 0.120959467561629
21 11 0.05076 0 0.115965815956559
21 12 0.05208 0 0.120105365820595
21 13 0.04344 0 0.11044802019577
21 14 0.03308 0 0.0964230833929874
21 15 0.0292 0 0.0881812674888263
21 16 0.02644 0 0.0830651926273949
21 17 0.0238 0 0.0835352508713426
21 18 0.02332 0 0.0825529684057005
21 19 0.02088 0 0.0762852872121816
21 20 0.02068 0 0.072276978088196
21 21 0.0226 0 0.080516600294119
22 0 0.255265 0.248 0.127379835128632
22 1 0.23604 0.24 0.14433416349136
22 2 0.20764 0.2 0.160442426347186
22 3 0.18324 0.16 0.160636566529874
22 4 0.1618 0.12 0.163166734916721
22 5 0.13084 0.04 0.155324886029961
22 6 0.10044 0 0.139140096184983
22 7 0.08584 0 0.138510214350709
22 8 0.07952 0 0.137087426712163
22 9 0.06036 0 0.122044111554655
22 10 0.04136 0 0.100200751447235
22 11 0.02836 0 0.0854436130498413
22 12 0.02932 0 0.087950400072273
22 13 0.02432 0 0.0824095196499102
22 14 0.02596 0 0.0873115210135621
22 15 0.02484 0 0.086478048387165
22 16 0.02508 0 0.0874221724520515
22 17 0.02432 0 0.0881743291004378
22 18 0.0234 0 0.0892793974599449
22 19 0.01912 0 0.0798147605145564
22 20 0.01856 0 0.0796660095214582
22 21 0.0164 0 0.0755085527708056
23 0 0.247696 0.218 0.13017420215583
23 1 0.22672 0.2 0.147693788139702
23 2 0.18672 0.16 0.152295881873528
23 3 0.135 0.08 0.144717459703877
23 4 0.13692 0.08 0.15435523683743
23 5 0.12524 0.04 0.155202545823934
23 6 0.11688 0 0.156190464052903
23 7 0.10716 0 0.155862206539711
23 8 0.08996 0 0.147298660195181
23 9 0.06944 0 0.12728821111434
23 10 0.05404 0 0.115877115540153
23 11 0.0378 0 0.0968449221123077
23 12 0.03556 0 0.100852653200883
23 13 0.03468 0 0.10114310420156
23 14 0.02548 0 0.0848502750093903
23 15 0.02416 0 0.0818327012323985
23 16 0.02472 0 0.0897026653348058
23 17 0.0226 0 0.084855409022881
23 18 0.02344 0 0.087318903972685
23 19 0.0212 0 0.0791253487879884
23 20 0.02008 0 0.0798396390771399
23 21 0.0192 0 0.0795140395306545
24 0 0.24824 0.241 0.127904691118074
24 1 0.2164 0.2 0.157883397376568
24 2 0.17776 0.16 0.156226082934281
24 3 0.14092 0.08 0.146209886570406
24 4 0.11872 0.04 0.149081813065803
24 5 0.09956 0 0.149086663498897
24 6 0.0928 0 0.14893468884562
24 7 0.07116 0 0.128227519264379
24 8 0.06008 0 0.121584441341713
24 9 0.05508 0 0.121181180380777
24 10 0.05156 0 0.119749347832488
24 11 0.04772 0 0.11633200219516
24 12 0.04584 0 0.115412366817488
24 13 0.04328 0 0.111735967917795
24 14 0.04084 0 0.106264700566964
24 15 0.04128 0 0.111043650391602
24 16 0.03484 0 0.104100967389412
24 17 0.03012 0 0.0968450544145883
24 18 0.02872 0 0.0924148370236192
24 19 0.02768 0 0.0929906708485581
24 20 0.0222 0 0.0797491060759926
24 21 0.01956 0 0.0751681891271611
25 0 0.249916 0.244 0.126404933254803
25 1 0.23548 0.24 0.151190039447141
25 2 0.20472 0.2 0.157599997967511
25 3 0.18464 0.16 0.167399202187146
25 4 0.15416 0.08 0.1675815561987
25 5 0.12672 0.04 0.155429082863536
25 6 0.10916 0 0.144624377649864
25 7 0.08976 0 0.132999365529431
25 8 0.09064 0 0.139859755294907
25 9 0.07716 0 0.133080595297905
25 10 0.07236 0 0.132758635332152
25 11 0.06992 0 0.132492822250671
25 12 0.06008 0 0.130381720317662
25 13 0.055 0 0.123870674269352
25 14 0.05168 0 0.122808222279534
25 15 0.04644 0 0.112391985294141
25 16 0.04168 0 0.106081246367258
25 17 0.03912 0 0.108302146585167
25 18 0.03776 0 0.103611378321677
25 19 0.0378 0 0.102485429516899
25 20 0.03628 0 0.101214653119032
25 21 0.03176 0 0.0947009539058117
26 0 0.257059 0.248 0.13208979230899
26 1 0.22604 0.24 0.157259813840183
26 2 0.19696 0.16 0.166043153212437
26 3 0.18012 0.16 0.17099363854958
26 4 0.1608 0.12 0.167910553432338
26 5 0.1306 0.04 0.155393008166349
26 6 0.09992 0 0.144837051100094
26 7 0.09188 0 0.142320485948864
26 8 0.075 0 0.124083829715224
26 9 0.0654 0 0.125101920410881
26 10 0.065 0 0.128889147768198
26 11 0.05528 0 0.11532485170778
26 12 0.05068 0 0.115862684941105
26 13 0.04824 0 0.114834181711237
26 14 0.04388 0 0.11427512592163
26 15 0.0386 0 0.104357704701333
26 16 0.036 0 0.103357064019266
26 17 0.03052 0 0.0925564492420506
26 18 0.02772 0 0.0845999926640585
26 19 0.02772 0 0.0909674484454559
26 20 0.02716 0 0.0899868436607932
26 21 0.02544 0 0.0873271574736773
27 0 0.252291 0.2445 0.130570490433221
27 1 0.21768 0.2 0.151583624429538
27 2 0.18928 0.16 0.162986030217458
27 3 0.17484 0.12 0.162480073160293
27 4 0.16752 0.12 0.169056291304493
27 5 0.13384 0.04 0.161931702505335
27 6 0.10392 0 0.147523546584255
27 7 0.09128 0 0.147274068495616
27 8 0.0788 0 0.141622798366001
27 9 0.06856 0 0.1283401636184
27 10 0.05748 0 0.118232095593491
27 11 0.04188 0 0.0999122016975307
27 12 0.04088 0 0.107887280368287
27 13 0.03876 0 0.106531738986142
27 14 0.03484 0 0.0979825238242768
27 15 0.0306 0 0.0922005474004409
27 16 0.02736 0 0.0877903043481314
27 17 0.02752 0 0.0922081989410484
27 18 0.02572 0 0.0883305376632786
27 19 0.02628 0 0.0909198989662221
27 20 0.02492 0 0.0867324398141556
27 21 0.02136 0 0.0784723410400652
28 0 0.259471 0.249 0.127803649916315
28 1 0.23104 0.24 0.150316710692835
28 2 0.16728 0.12 0.154722139787881
28 3 0.17044 0.16 0.163274201467546
28 4 0.13632 0.04 0.159043869899322
28 5 0.1134 0.04 0.147335493849065
28 6 0.10032 0 0.147249380236319
28 7 0.09372 0 0.149930119191044
28 8 0.08828 0 0.149023654664787
28 9 0.07568 0 0.136410943642897
28 10 0.06708 0 0.128903412249985
28 11 0.05704 0 0.118695100686283
28 12 0.05248 0 0.116558292006341
28 13 0.047 0 0.112130161745951
28 14 0.04152 0 0.107389115007165
28 15 0.0386 0 0.107129439075899
28 16 0.03712 0 0.103394371200738
28 17 0.03328 0 0.0976666799905699
28 18 0.02916 0 0.0873826649292074
28 19 0.02396 0 0.0780359404890337
28 20 0.0232 0 0.0818563403803301
28 21 0.02148 0 0.0805450004475579
29 0 0.248873 0.213 0.130185718080718
29 1 0.21896 0.2 0.144877561782037
29 2 0.18524 0.16 0.159442667954235
29 3 0.13916 0.08 0.154196858175097
29 4 0.11396 0.04 0.14746818390848
29 5 0.10356 0 0.145224021485484
29 6 0.09524 0 0.14092410014615
29 7 0.0862 0 0.141010084192032
29 8 0.0696 0 0.129669789289002
29 9 0.05932 0 0.115225059836888
29 10 0.04584 0 0.107031538109803
29 11 0.04508 0 0.11134536986957
29 12 0.0402 0 0.102305554230581
29 13 0.03564 0 0.0995776385847049
29 14 0.03084 0 0.0931405903436819
29 15 0.0314 0 0.0956367418223059
29 16 0.02912 0 0.0918022508071194
29 17 0.0286 0 0.0918524734390799
29 18 0.02848 0 0.0910053381487678
29 19 0.02872 0 0.09232814352128
29 20 0.02532 0 0.0838542135442765
29 21 0.02408 0 0.082149267203683
30 0 0.249541 0.245 0.127725745976233
30 1 0.2186 0.2 0.150460221581248
30 2 0.19324 0.16 0.165995954941851
30 3 0.1814 0.14 0.163822091543472
30 4 0.16036 0.12 0.167381860089698
30 5 0.13752 0.08 0.159107400094291
30 6 0.1256 0.04 0.15465755383737
30 7 0.111 0 0.150074389295184
30 8 0.10176 0 0.150349950141354
30 9 0.08352 0 0.137986411830476
30 10 0.07352 0 0.129875622336439
30 11 0.0724 0 0.133584747950074
30 12 0.06684 0 0.136237201141887
30 13 0.05924 0 0.128261738150835
30 14 0.05288 0 0.121296407277456
30 15 0.04596 0 0.111918739289737
30 16 0.04128 0 0.10586013398805
30 17 0.0376 0 0.101294128657591
30 18 0.0344 0 0.0977701334713163
30 19 0.03232 0 0.0945958031096833
30 20 0.02748 0 0.085262649028278
30 21 0.02744 0 0.0905850542421433
31 0 0.251755 0.247 0.129704395473728
31 1 0.21956 0.2 0.152191223691015
31 2 0.20396 0.2 0.163628520413444
31 3 0.164 0.12 0.154261455317252
31 4 0.12588 0.04 0.150793117098109
31 5 0.11808 0.04 0.152925144105538
31 6 0.09844 0 0.141946874975518
31 7 0.09104 0 0.141672119308597
31 8 0.08384 0 0.142668878206877
31 9 0.0766 0 0.142292259406783
31 10 0.067 0 0.134513545391882
31 11 0.05896 0 0.127646433604751
31 12 0.05168 0 0.121404763978671
31 13 0.05016 0 0.121396505351314
31 14 0.04508 0 0.114703751248817
31 15 0.0398 0 0.106358225220582
31 16 0.03428 0 0.0953497413377361
31 17 0.0374 0 0.109165732522423
31 18 0.03436 0 0.103070917401632
31 19 0.03168 0 0.0989614620494815
31 20 0.02776 0 0.0896516582100957
31 21 0.0276 0 0.0941100244219323
32 0 0.256985 0.2475 0.127989249638487
32 1 0.2284 0.24 0.154042751108805
32 2 0.2112 0.2 0.165353868723722
32 3 0.17224 0.12 0.160061869919735
32 4 0.15384 0.12 0.158128615560433
32 5 0.14504 0.08 0.159147498649292
32 6 0.11592 0 0.153874725120895
32 7 0.10904 0 0.150567423265954
32 8 0.09552 0 0.141692647679428
32 9 0.08568 0 0.1332963071713
32 10 0.0808 0 0.140284852496055
32 11 0.06828 0 0.133196031407782
32 12 0.05368 0 0.120346752930609
32 13 0.0456 0 0.109879540923293
32 14 0.03712 0 0.0942538560982488
32 15 0.0328 0 0.0920425544616827
32 16 0.02784 0 0.0868866139499272
32 17 0.02508 0 0.0830246149445253
32 18 0.02408 0 0.0801359805291941
32 19 0.024 0 0.0821726983392437
32 20 0.02136 0 0.0775897581551236
32 21 0.01892 0 0.075033750163934
33 0 0.251164 0.2455 0.129448723732898
33 1 0.23132 0.24 0.142899537710511
33 2 0.20776 0.2 0.158977533809832
33 3 0.18216 0.16 0.161529645038384
33 4 0.1712 0.12 0.168329720771155
33 5 0.1422 0.08 0.157003854125337
33 6 0.11712 0.04 0.147047368315548
33 7 0.09864 0 0.146873149765783
33 8 0.09528 0 0.142091208424418
33 9 0.08792 0 0.145327194955361
33 10 0.0816 0 0.141006818710738
33 11 0.07064 0 0.13266646445425
33 12 0.06124 0 0.126927431916718
33 13 0.0556 0 0.124499558794962
33 14 0.04752 0 0.117625189841655
33 15 0.04624 0 0.119133770423232
33 16 0.04308 0 0.112277869234858
33 17 0.0378 0 0.105716299291717
33 18 0.03296 0 0.0949834736165206
33 19 0.03324 0 0.0971459712995847
33 20 0.02988 0 0.0942383492346214
33 21 0.02484 0 0.0835772670022151
34 0 0.25055 0.2455 0.129003222174221
34 1 0.22276 0.2 0.1500896708948
34 2 0.1868 0.16 0.153799265974237
34 3 0.16544 0.12 0.151588209915499
34 4 0.14164 0.08 0.151465680113524
34 5 0.13348 0.08 0.155406694967884
34 6 0.1108 0 0.152471005136739
34 7 0.09344 0 0.152659986478027
34 8 0.08224 0 0.142343401828269
34 9 0.07712 0 0.14485264197759
34 10 0.0648 0 0.132414854505428
34 11 0.05536 0 0.125541351876706
34 12 0.04908 0 0.11883633987832
34 13 0.04472 0 0.111655669755676
34 14 0.0428 0 0.112006720805073
34 15 0.0394 0 0.107166807943153
34 16 0.0364 0 0.103820126269518
34 17 0.03152 0 0.0963897327550014
34 18 0.03232 0 0.103567097785657
34 19 0.03176 0 0.103910055816074
34 20 0.02924 0 0.0946254531105473
34 21 0.02612 0 0.0879766189705281
35 0 0.255693 0.2485 0.126963555776827
35 1 0.24012 0.24 0.14937167568685
35 2 0.1924 0.16 0.156446526057677
35 3 0.18112 0.16 0.163099193581535
35 4 0.17124 0.16 0.165520571106613
35 5 0.16284 0.12 0.167769129701745
35 6 0.15328 0.08 0.169392843814417
35 7 0.142 0 0.170925760538357
35 8 0.11784 0 0.158092148848472
35 9 0.11004 0 0.155466292707352
35 10 0.08604 0 0.139922466733176
35 11 0.07696 0 0.136726927313725
35 12 0.07116 0 0.137672103230858
35 13 0.05424 0 0.119131081647967
35 14 0.042 0 0.0977627616097129
35 15 0.04164 0 0.10344472539096
35 16 0.04096 0 0.108847260535698
35 17 0.0366 0 0.100527338300314
35 18 0.03576 0 0.103996334731747
35 19 0.0306 0 0.0950740715394007
35 20 0.02572 0 0.0852487474919658
35 21 0.02364 0 0.0820919575201462
36 0 0.25161 0.2465 0.128852143074047
36 1 0.21456 0.2 0.151693827881748
36 2 0.17112 0.12 0.155268973249822
36 3 0.1272 0.08 0.14907442162619
36 4 0.103 0.04 0.140881679602593
36 5 0.09776 0 0.146173695134074
36 6 0.09148 0 0.144319914903792
36 7 0.07544 0 0.13735090706534
36 8 0.06328 0 0.124906538032415
36 9 0.0528 0 0.115307657403383
36 10 0.04424 0 0.106492079343785
36 11 0.03916 0 0.100724574160628
36 12 0.03216 0 0.0945487909699213
36 13 0.03124 0 0.0965556077366063
36 14 0.02672 0 0.086740795278609
36 15 0.02296 0 0.0796843020173233
36 16 0.02104 0 0.0807306375289817
36 17 0.01852 0 0.076694795727557
36 18 0.01984 0 0.0832568682218236
36 19 0.01892 0 0.0795711327377282
36 20 0.01656 0 0.0708546878250606
36 21 0.01664 0 0.0753710235514365
37 0 0.247278 0.245 0.128656640898351
37 1 0.222 0.2 0.147094652645284
37 2 0.21056 0.2 0.156550932908733
37 3 0.1714 0.16 0.159356940967862
37 4 0.15492 0.12 0.158788561953963
37 5 0.13788 0.08 0.156994754539612
37 6 0.12692 0 0.161896028128932
37 7 0.11304 0 0.156895425601177
37 8 0.10348 0 0.153566507651481
37 9 0.09792 0 0.154403089068561
37 10 0.08944 0 0.149013729204699
37 11 0.07676 0 0.134722130522244
37 12 0.05856 0 0.115468001018721
37 13 0.04056 0 0.100543500015642
37 14 0.03484 0 0.0975401890939755
37 15 0.03108 0 0.0946138752265511
37 16 0.02984 0 0.0900182074786966
37 17 0.02856 0 0.0895966179827897
37 18 0.02616 0 0.0836244428827328
37 19 0.02392 0 0.0805028838881832
37 20 0.02316 0 0.0821703496789832
37 21 0.02376 0 0.0863279497898271
38 0 0.243488 0.212 0.126423584741055
38 1 0.20076 0.16 0.146238189294069
38 2 0.17612 0.16 0.154461658685915
38 3 0.15584 0.12 0.161321787490466
38 4 0.12424 0.04 0.15380792983224
38 5 0.11536 0 0.155741856692175
38 6 0.1078 0 0.162137745909608
38 7 0.08584 0 0.140450777216863
38 8 0.0752 0 0.133954110439746
38 9 0.07032 0 0.129329903053485
38 10 0.05772 0 0.114002623646117
38 11 0.04964 0 0.109474449325197
38 12 0.04884 0 0.111699288856873
38 13 0.03988 0 0.104581656722979
38 14 0.03712 0 0.104027531583362
38 15 0.034 0 0.0996289412064884
38 16 0.03224 0 0.097802595812932
38 17 0.0306 0 0.0964621425479703
38 18 0.03004 0 0.0982978171724116
38 19 0.02648 0 0.0883323961647832
38 20 0.0254 0 0.0908707736155993
38 21 0.02468 0 0.0896869073016867
39 0 0.262521 0.25 0.129784558367283
39 1 0.23484 0.24 0.149400451454789
39 2 0.19336 0.16 0.163536707361542
39 3 0.166 0.12 0.166876744478815
39 4 0.14836 0.08 0.16665979084916
39 5 0.13756 0.04 0.165802101122805
39 6 0.11804 0 0.156183711544296
39 7 0.10336 0 0.149607127813793
39 8 0.09052 0 0.142112369361451
39 9 0.07968 0 0.136748666530236
39 10 0.07284 0 0.136520226238357
39 11 0.06724 0 0.134500828521139
39 12 0.0562 0 0.123148388237628
39 13 0.05256 0 0.121606885638251
39 14 0.04744 0 0.11226597904107
39 15 0.0512 0 0.121726650234767
39 16 0.04608 0 0.116174567484153
39 17 0.04444 0 0.11268799840704
39 18 0.0394 0 0.104763616849627
39 19 0.03472 0 0.0983920860770957
39 20 0.03364 0 0.0996307014763857
39 21 0.03272 0 0.0988654437909221
40 0 0.255797 0.247 0.130899176412174
40 1 0.22228 0.2 0.152637150457219
40 2 0.19308 0.16 0.168384283313102
40 3 0.16956 0.12 0.166878563197479
40 4 0.16248 0.08 0.173882963181805
40 5 0.13396 0.08 0.163216905246234
40 6 0.1072 0 0.154622340132557
40 7 0.09872 0 0.149618004087567
40 8 0.09168 0 0.151129142185144
40 9 0.08376 0 0.148523134634041
40 10 0.0822 0 0.148473581503257
40 11 0.0774 0 0.146348412556672
40 12 0.06524 0 0.126407758153214
40 13 0.05296 0 0.115844111884283
40 14 0.04972 0 0.11389861498058
40 15 0.04328 0 0.10902260099414
40 16 0.0422 0 0.107623151518355
40 17 0.03744 0 0.102968193384408
40 18 0.03588 0 0.0994752276746373
40 19 0.03356 0 0.0944428178626932
40 20 0.03168 0 0.0930388834511347
40 21 0.02852 0 0.0850708331136274
41 0 0.255688 0.248 0.128125511912354
41 1 0.2226 0.2 0.152306392634181
41 2 0.17536 0.12 0.158625446988913
41 3 0.13944 0.08 0.160448839915502
41 4 0.116 0.04 0.151135839700721
41 5 0.10304 0 0.14403994552174
41 6 0.10072 0 0.144978965717446
41 7 0.09196 0 0.147084303010866
41 8 0.0798 0 0.139284457712123
41 9 0.07036 0 0.133266764162827
41 10 0.07056 0 0.133647102280401
41 11 0.06588 0 0.131521570563629
41 12 0.06324 0 0.128060539987546
41 13 0.0562 0 0.123745193332399
41 14 0.05076 0 0.117883497228912
41 15 0.04416 0 0.110568167750577
41 16 0.04088 0 0.104401749627702
41 17 0.0406 0 0.109634208437238
41 18 0.03556 0 0.103918648400975
41 19 0.03668 0 0.106607423487967
41 20 0.03452 0 0.105080023845693
41 21 0.03472 0 0.103640063985231
42 0 0.251458 0.247 0.129014072359828
42 1 0.23372 0.24 0.145589002873698
42 2 0.19528 0.16 0.15555423079659
42 3 0.16656 0.12 0.155693310090083
42 4 0.14636 0.12 0.144818931507324
42 5 0.13808 0.08 0.152746997499935
42 6 0.12776 0.04 0.15867501429072
42 7 0.11212 0 0.158057229153518
42 8 0.0906 0 0.145536321311282
42 9 0.0754 0 0.138943676881481
42 10 0.06624 0 0.13169968567619
42 11 0.06156 0 0.133720033829817
42 12 0.05044 0 0.120119253390266
42 13 0.0432 0 0.106528438964946
42 14 0.04088 0 0.107813029125655
42 15 0.03988 0 0.106298094455568
42 16 0.03856 0 0.106371242548168
42 17 0.033 0 0.0976059779261851
42 18 0.02776 0 0.087059529988174
42 19 0.02668 0 0.0894705682477907
42 20 0.02712 0 0.0939261823334033
42 21 0.02488 0 0.0898190016257866
43 0 0.245208 0.211 0.129586540224699
43 1 0.19708 0.16 0.150783982602296
43 2 0.15252 0.12 0.148301189620457
43 3 0.12192 0.08 0.143088741653521
43 4 0.11312 0.04 0.144872542787285
43 5 0.11192 0 0.155889111277905
43 6 0.10296 0 0.153566992616321
43 7 0.08808 0 0.145901339270073
43 8 0.08424 0 0.146446813106565
43 9 0.07528 0 0.141447265540656
43 10 0.06076 0 0.129677440746795
43 11 0.05736 0 0.127811447711722
43 12 0.05304 0 0.119804472001305
43 13 0.05248 0 0.125337780254635
43 14 0.04664 0 0.118085793619108
43 15 0.04012 0 0.107466900647291
43 16 0.03724 0 0.104207685137142
43 17 0.03452 0 0.102861801219647
43 18 0.02988 0 0.0950337677723924
43 19 0.0268 0 0.0923508997719496
43 20 0.02536 0 0.0866878606564102
43 21 0.02444 0 0.0840580284812352
44 0 0.247989 0.2125 0.128849396762445
44 1 0.21388 0.2 0.153619479704055
44 2 0.18224 0.16 0.159613467034768
44 3 0.15928 0.12 0.163660215893375
44 4 0.1398 0.08 0.15825866739552
44 5 0.12068 0.04 0.150001460119687
44 6 0.10036 0 0.140000966677629
44 7 0.08624 0 0.13486011141049
44 8 0.07692 0 0.131342927348847
44 9 0.06452 0 0.121908290248167
44 10 0.05956 0 0.11933669866243
44 11 0.05648 0 0.116692873933359
44 12 0.05456 0 0.125700465420805
44 13 0.05 0 0.120854481943393
44 14 0.04712 0 0.118261114874211
44 15 0.04128 0 0.107556171045319
44 16 0.03844 0 0.102528427660227
44 17 0.03892 0 0.105156509506029
44 18 0.0394 0 0.109648816057734
44 19 0.03536 0 0.10129526707172
44 20 0.03256 0 0.0973515471049316
44 21 0.03008 0 0.0926054499982013
45 0 0.25594 0.248 0.128281177342822
45 1 0.21608 0.24 0.152130790365979
45 2 0.19996 0.16 0.163881834428516
45 3 0.161 0.08 0.166178865730319
45 4 0.14628 0.08 0.165100635431302
45 5 0.11156 0 0.150288232915797
45 6 0.09084 0 0.144502509927597
45 7 0.08444 0 0.143161382996888
45 8 0.07932 0 0.134854452367444
45 9 0.0754 0 0.141830024168918
45 10 0.06732 0 0.134710669824497
45 11 0.06008 0 0.126541718047474
45 12 0.05084 0 0.118944702455562
45 13 0.04844 0 0.120887469078396
45 14 0.04164 0 0.107989685489736
45 15 0.03508 0 0.0964297272229487
45 16 0.03132 0 0.09160922360685
45 17 0.02936 0 0.0913232190099009
45 18 0.02664 0 0.0919280216319331
45 19 0.0262 0 0.0926182386905416
45 20 0.02588 0 0.0944708968431567
45 21 0.02472 0 0.0915931815743449
46 0 0.254741 0.2475 0.12788150608512
46 1 0.22376 0.24 0.1534973088488
46 2 0.19188 0.16 0.164908642770658
46 3 0.1692 0.12 0.164457916824963
46 4 0.139 0.08 0.159475491635651
46 5 0.08984 0 0.141217267771037
46 6 0.06992 0 0.123457017764221
46 7 0.06236 0 0.123470139204891
46 8 0.05244 0 0.117799503917135
46 9 0.04744 0 0.11116205919019
46 10 0.04688 0 0.117555454509286
46 11 0.04172 0 0.111232253479889
46 12 0.03816 0 0.105107859183137
46 13 0.0342 0 0.0970266673351928
46 14 0.03096 0 0.0923146813914255
46 15 0.0298 0 0.0967125292468009
46 16 0.0262 0 0.0892183833070288
46 17 0.02348 0 0.08474828536243
46 18 0.02484 0 0.0939009680024215
46 19 0.0222 0 0.0824740077961655
46 20 0.02344 0 0.0856709163363268
46 21 0.02272 0 0.0826912295194565
47 0 0.25114 0.243 0.128203215499708
47 1 0.22676 0.24 0.145715941253988
47 2 0.18716 0.16 0.157568913058263
47 3 0.16616 0.12 0.159158366998992
47 4 0.12632 0.04 0.153141470248623
47 5 0.10456 0.04 0.14626209009514
47 6 0.10332 0 0.147223137625348
47 7 0.08448 0 0.133161787543055
47 8 0.07504 0 0.126279629968356
47 9 0.06604 0 0.122471701701731
47 10 0.06332 0 0.125212842216187
47 11 0.04868 0 0.108747798523389
47 12 0.04828 0 0.110357693073118
47 13 0.04484 0 0.110547705517551
47 14 0.04308 0 0.107958179720522
47 15 0.04052 0 0.103981449026938
47 16 0.0358 0 0.0958976347797815
47 17 0.0338 0 0.0983302030346161
47 18 0.03296 0 0.0984282811316266
47 19 0.02956 0 0.0947796897525498
47 20 0.03112 0 0.100231691555076
47 21 0.02824 0 0.0912558492921414
48 0 0.254779 0.247 0.127765833724307
48 1 0.23676 0.24 0.143885389826088
48 2 0.22424 0.2 0.154483291936337
48 3 0.19064 0.2 0.157504279300589
48 4 0.1602 0.12 0.160284906498557
48 5 0.14496 0.08 0.161517448860135
48 6 0.128 0.04 0.155358090024743
48 7 0.11008 0 0.151709622006679
48 8 0.09864 0 0.14722168530697
48 9 0.09084 0 0.146757051047069
48 10 0.0884 0 0.151484611718774
48 11 0.0796 0 0.141287657642847
48 12 0.0714 0 0.135825213007337
48 13 0.06496 0 0.133421136255091
48 14 0.06048 0 0.131567015165198
48 15 0.05596 0 0.123724638557509
48 16 0.05188 0 0.119302551098871
48 17 0.04556 0 0.107068903749642
48 18 0.04308 0 0.106494387902155
48 19 0.03828 0 0.100888155994745
48 20 0.03356 0 0.0953877624500398
48 21 0.03116 0 0.0951278282297231
49 0 0.255649 0.247 0.128738989923514
49 1 0.22728 0.2 0.143486549857434
49 2 0.1906 0.16 0.153688191023449
49 3 0.17912 0.16 0.161967462964199
49 4 0.1688 0.12 0.166348525186825
49 5 0.16076 0.12 0.167648227930773
49 6 0.14536 0.08 0.160260268793465
49 7 0.12684 0.04 0.15589200337643
49 8 0.1126 0.04 0.151298814705639
49 9 0.10352 0 0.151243129047518
49 10 0.09384 0 0.147598915442627
49 11 0.07976 0 0.135961862402764
49 12 0.0684 0 0.128848911683576
49 13 0.07164 0 0.138236100999774
49 14 0.06524 0 0.130350042322715
49 15 0.061 0 0.129044381715952
49 16 0.05996 0 0.132247827535608
49 17 0.06036 0 0.133572871916838
49 18 0.05004 0 0.118367264094467
49 19 0.0464 0 0.115424272849184
49 20 0.042 0 0.113147701710651
49 21 0.03828 0 0.110190669221961
50 0 0.249942 0.215 0.130301085985532
50 1 0.21464 0.2 0.154261683729522
50 2 0.1844 0.16 0.161196228939216
50 3 0.1444 0.08 0.156159616501277
50 4 0.12132 0.04 0.151653738682752
50 5 0.11996 0.04 0.1601450743696
50 6 0.11012 0 0.158582262355958
50 7 0.11108 0 0.158982102479835
50 8 0.10184 0 0.149612159259193
50 9 0.08872 0 0.14070024221073
50 10 0.07528 0 0.133585803013519
50 11 0.06544 0 0.122067632511272
50 12 0.05968 0 0.12549919381274
50 13 0.05276 0 0.120945484455643
50 14 0.05012 0 0.11798095229784
50 15 0.04668 0 0.112747903260724
50 16 0.03908 0 0.0976723783548527
50 17 0.03568 0 0.0939434029773404
50 18 0.03184 0 0.088156599219718
50 19 0.03188 0 0.0875861686394429
50 20 0.02808 0 0.0840534269294154
50 21 0.0276 0 0.0847432677055908
51 0 0.252362 0.247 0.125880844225573
51 1 0.2284 0.2 0.150231852846224
51 2 0.20468 0.2 0.159906434103408
51 3 0.17124 0.12 0.164092012567914
51 4 0.153 0.08 0.161158841433451
51 5 0.13812 0.04 0.161721425356752
51 6 0.10956 0 0.148057175872456
51 7 0.09704 0 0.146642225645761
51 8 0.09332 0 0.149720385364832
51 9 0.08452 0 0.149378323338708
51 10 0.07844 0 0.144102504946763
51 11 0.07208 0 0.138984136469563
51 12 0.06092 0 0.132341482037447
51 13 0.04576 0 0.112293509305891
51 14 0.04084 0 0.103454324207339
51 15 0.03508 0 0.0934779745808163
51 16 0.03348 0 0.0932426071266982
51 17 0.03164 0 0.093301744976263
51 18 0.03252 0 0.0975210744401432
51 19 0.0308 0 0.0970029358811865
51 20 0.02724 0 0.0898557536079714
51 21 0.02824 0 0.0949374294760265
52 0 0.254625 0.247 0.125168828430287
52 1 0.22796 0.24 0.146280676907227
52 2 0.205 0.2 0.157951729173025
52 3 0.1774 0.16 0.156363965445014
52 4 0.1582 0.12 0.157563912068679
52 5 0.13688 0.08 0.157853042996273
52 6 0.10648 0 0.144226248688686
52 7 0.08936 0 0.135142346634406
52 8 0.08024 0 0.134063848652482
52 9 0.06892 0 0.127790312480892
52 10 0.064 0 0.126655602488171
52 11 0.05436 0 0.121162992992377
52 12 0.04412 0 0.107938298468506
52 13 0.03124 0 0.0872678524892075
52 14 0.03012 0 0.0878436230019123
52 15 0.02636 0 0.0789796694611226
52 16 0.02832 0 0.0890994742763184
52 17 0.0272 0 0.0925804036021184
52 18 0.026 0 0.091009245039626
52 19 0.02452 0 0.0911651286440198
52 20 0.02368 0 0.0846831082851169
52 21 0.02408 0 0.0853993363361018
53 0 0.251153 0.2475 0.125883987740178
53 1 0.2258 0.2 0.146458902802835
53 2 0.20112 0.2 0.158981825441844
53 3 0.16444 0.12 0.162062181123637
53 4 0.129 0.04 0.155133059875277
53 5 0.10476 0 0.148731514694981
53 6 0.101 0 0.144933107348203
53 7 0.09488 0 0.146035310496852
53 8 0.08312 0 0.140400776272704
53 9 0.07564 0 0.133279983320655
53 10 0.0652 0 0.124043326087084
53 11 0.05656 0 0.119140088806248
53 12 0.05396 0 0.117178706466872
53 13 0.04596 0 0.10780770334675
53 14 0.03848 0 0.0976402745962097
53 15 0.03236 0 0.0921375044144333
53 16 0.0312 0 0.0905691049020733
53 17 0.0314 0 0.0920353764077189
53 18 0.02836 0 0.0877006374081842
53 19 0.02776 0 0.0860231502700429
53 20 0.02712 0 0.0879923192571275
53 21 0.02712 0 0.0870590884680335
54 0 0.244984 0.211 0.125367878058332
54 1 0.21076 0.2 0.157348597009891
54 2 0.16052 0.12 0.158495584955703
54 3 0.13952 0.08 0.157537893180618
54 4 0.12992 0.04 0.159270086835415
54 5 0.11824 0.04 0.151316221863351
54 6 0.10528 0 0.151318931462719
54 7 0.09796 0 0.152167648971105
54 8 0.08748 0 0.150371077874241
54 9 0.08028 0 0.146207038469761
54 10 0.06588 0 0.131094665838894
54 11 0.05756 0 0.119781442611091
54 12 0.05628 0 0.118308742528008
54 13 0.05324 0 0.117834576366139
54 14 0.05276 0 0.116823071480038
54 15 0.04596 0 0.109532076012809
54 16 0.0418 0 0.10579959146213
54 17 0.04376 0 0.114663901077062
54 18 0.0426 0 0.111675025459193
54 19 0.0416 0 0.109309599709214
54 20 0.04152 0 0.109134779057824
54 21 0.03684 0 0.102569658939352
55 0 0.252974 0.245 0.127559863761462
55 1 0.21564 0.2 0.152476356985073
55 2 0.18332 0.16 0.157656059296917
55 3 0.18052 0.16 0.164568564472114
55 4 0.17536 0.16 0.166015757178744
55 5 0.16248 0.12 0.163809288757027
55 6 0.1558 0.08 0.166340702262643
55 7 0.13592 0.04 0.165373220026405
55 8 0.12852 0 0.162136046879458
55 9 0.11184 0 0.157092623927709
55 10 0.10168 0 0.152497977800472
55 11 0.09352 0 0.144824665660873
55 12 0.08028 0 0.138280306056369
55 13 0.07008 0 0.13403118278206
55 14 0.07196 0 0.136342024143503
55 15 0.0656 0 0.130506980932332
55 16 0.06788 0 0.134631464491891
55 17 0.06164 0 0.127677766318228
55 18 0.05984 0 0.125996227917543
55 19 0.05976 0 0.133692992397568
55 20 0.05176 0 0.121027062882439
55 21 0.05056 0 0.123312985903726
56 0 0.251227 0.217 0.130247855932353
56 1 0.2284 0.2 0.148246473877179
56 2 0.19216 0.16 0.156199015786056
56 3 0.1466 0.08 0.15742052350701
56 4 0.13616 0.08 0.154907878595154
56 5 0.12676 0.04 0.161972026403751
56 6 0.11288 0 0.16048133804234
56 7 0.09776 0 0.147460934240656
56 8 0.0718 0 0.128045130932635
56 9 0.06548 0 0.127645850159976
56 10 0.05804 0 0.121000824788923
56 11 0.0542 0 0.119906369878908
56 12 0.05284 0 0.123063719588996
56 13 0.04708 0 0.1134740056134
56 14 0.04044 0 0.105358943174782
56 15 0.03436 0 0.0983313757630771
56 16 0.03208 0 0.0943555858260473
56 17 0.03164 0 0.0952217284950109
56 18 0.0296 0 0.0922927838888716
56 19 0.02668 0 0.0843094637966918
56 20 0.02604 0 0.0861983094297594
56 21 0.02516 0 0.0848326055887179
57 0 0.251661 0.246 0.129695238671024
57 1 0.22836 0.2 0.144805659692842
57 2 0.18904 0.16 0.156768794263574
57 3 0.15428 0.12 0.160512447635209
57 4 0.13792 0.08 0.158326058312398
57 5 0.11728 0 0.153831940330563
57 6 0.09736 0 0.144669138241574
57 7 0.08404 0 0.140325941186118
57 8 0.07656 0 0.138486623704042
57 9 0.07024 0 0.134531933908798
57 10 0.0556 0 0.121359664502536
57 11 0.0598 0 0.129827636561771
57 12 0.05568 0 0.122518359229743
57 13 0.0474 0 0.109663421732436
57 14 0.04736 0 0.114754516246634
57 15 0.04256 0 0.108201450794127
57 16 0.03976 0 0.107518848127678
57 17 0.03376 0 0.0969910803613903
57 18 0.0288 0 0.0868867614157031
57 19 0.02784 0 0.0841903938844713
57 20 0.0254 0 0.0830236889865352
57 21 0.02464 0 0.0828959718089012
58 0 0.252837 0.247 0.126678134580443
58 1 0.21916 0.2 0.152368338280991
58 2 0.1714 0.16 0.155912631780586
58 3 0.14532 0.08 0.165628289643799
58 4 0.1234 0.04 0.154166816816744
58 5 0.09672 0 0.144534188798816
58 6 0.07232 0 0.124764513319228
58 7 0.06628 0 0.119171991523023
58 8 0.06128 0 0.125173599572873
58 9 0.05792 0 0.124147840441493
58 10 0.05096 0 0.114941245381673
58 11 0.043 0 0.109052705113136
58 12 0.03812 0 0.10150255350664
58 13 0.03712 0 0.100948978678817
58 14 0.03744 0 0.100925875930964
58 15 0.03684 0 0.102053070650663
58 16 0.03652 0 0.106135547081806
58 17 0.03492 0 0.104703182169198
58 18 0.0332 0 0.10356681942633
58 19 0.03192 0 0.102713502830269
58 20 0.03048 0 0.10058771041975
58 21 0.02632 0 0.0907231408643257
59 0 0.249655 0.247 0.126610529582658
59 1 0.2246 0.2 0.149402681238193
59 2 0.20872 0.2 0.159269986276538
59 3 0.20068 0.2 0.169056551833159
59 4 0.17128 0.12 0.170545734181326
59 5 0.14904 0.08 0.167027472520471
59 6 0.1282 0.04 0.160743891325918
59 7 0.1134 0 0.151906272140144
59 8 0.10156 0 0.152793036857417
59 9 0.08908 0 0.145595163214825
59 10 0.08444 0 0.142713185983123
59 11 0.07428 0 0.134853502242497
59 12 0.06604 0 0.1281715504562
59 13 0.06656 0 0.134392811667246
59 14 0.05804 0 0.124265845671288
59 15 0.05284 0 0.118123187763823
59 16 0.05048 0 0.120375495263197
59 17 0.04504 0 0.110647373404167
59 18 0.04236 0 0.106317137535459
59 19 0.04012 0 0.107675343415192
59 20 0.03468 0 0.101601281588474
59 21 0.03136 0 0.0937130328851464
60 0 0.251805 0.247 0.131391486397322
60 1 0.21168 0.2 0.154835240018387
60 2 0.17292 0.12 0.165919869223077
60 3 0.16624 0.12 0.161740602269258
60 4 0.14284 0.08 0.156165047055741
60 5 0.11016 0.04 0.140933447543997
60 6 0.09656 0 0.144818295593957
60 7 0.08256 0 0.136654750817236
60 8 0.0812 0 0.137024580771976
60 9 0.06616 0 0.122125218398859
60 10 0.06216 0 0.121986126321869
60 11 0.0594 0 0.120271797630639
60 12 0.04764 0 0.10967615629324
60 13 0.0408 0 0.0976980291761554
60 14 0.034 0 0.0876200734836332
60 15 0.03036 0 0.0844310310194007
60 16 0.03108 0 0.0886357145280044
60 17 0.03172 0 0.0924813191644366
60 18 0.03056 0 0.0898295928731493
60 19 0.02872 0 0.0856884128929
60 20 0.02948 0 0.092876022500727
60 21 0.0306 0 0.100702437810517
61 0 0.249967 0.247 0.127961987250828
61 1 0.20696 0.2 0.155490629092996
61 2 0.18436 0.16 0.161841846205433
61 3 0.17184 0.12 0.164512853233049
61 4 0.15588 0.12 0.157499942323265
61 5 0.13364 0.04 0.160712721895247
61 6 0.12856 0 0.160261068291741
61 7 0.11076 0 0.151186903797518
61 8 0.10468 0 0.155163698632681
61 9 0.0898 0 0.146764777449836
61 10 0.08124 0 0.141560240539855
61 11 0.06388 0 0.126317463961646
61 12 0.06448 0 0.126664807952223
61 13 0.05688 0 0.122044091869948
61 14 0.05256 0 0.118606550889544
61 15 0.04732 0 0.111751984797166
61 16 0.03856 0 0.100725726962242
61 17 0.0328 0 0.0915015438805954
61 18 0.03132 0 0.0948390850443637
61 19 0.02788 0 0.0857511449419707
61 20 0.02488 0 0.08326775557873
61 21 0.0252 0 0.0860113827232068
62 0 0.250581 0.242 0.126974359328673
62 1 0.22632 0.2 0.145504739542151
62 2 0.18856 0.16 0.15548280066072
62 3 0.17488 0.16 0.164002080115718
62 4 0.1598 0.12 0.166335887972583
62 5 0.13008 0.04 0.157957412438113
62 6 0.10696 0 0.14936488298214
62 7 0.09844 0 0.145082788143237
62 8 0.07524 0 0.124222274868775
62 9 0.05608 0 0.108012500666822
62 10 0.04096 0 0.0895181092957838
62 11 0.02848 0 0.0784949109882357
62 12 0.0262 0 0.0795782174510883
62 13 0.02572 0 0.0806733524144732
62 14 0.02392 0 0.0779558253802159
62 15 0.02232 0 0.0740817501528258
62 16 0.02204 0 0.0794918697563302
62 17 0.02136 0 0.0766552439590823
62 18 0.02052 0 0.0738565121325424
62 19 0.01612 0 0.0645376689283918
62 20 0.01404 0 0.0625363029702683
62 21 0.01156 0 0.0572087339419362
63 0 0.248088 0.214 0.1281710969216
63 1 0.19536 0.16 0.14472946146869
63 2 0.14284 0.08 0.144299538310962
63 3 0.12224 0.04 0.14201672842011
63 4 0.10116 0 0.138142454508879
63 5 0.085 0 0.132944628602566
63 6 0.08652 0 0.139407762065547
63 7 0.08076 0 0.135741844131602
63 8 0.06416 0 0.122589243094664
63 9 0.05948 0 0.12252813041397
63 10 0.06176 0 0.131031567462469
63 11 0.05712 0 0.125606857626018
63 12 0.05036 0 0.120405846901087
63 13 0.04936 0 0.122824575213091
63 14 0.04468 0 0.116439064130796
63 15 0.03728 0 0.102636913125522
63 16 0.03228 0 0.0954437588903073
63 17 0.02952 0 0.0934050003698629
63 18 0.02784 0 0.0926494377657971
63 19 0.025 0 0.0891142039258689
63 20 0.02408 0 0.0872913132755681
63 21 0.0238 0 0.0892273585932113
64 0 0.256137 0.2475 0.129303587145325
64 1 0.2134 0.2 0.152416767026698
64 2 0.18976 0.16 0.152457159837069
64 3 0.16908 0.12 0.154704515406264
64 4 0.15852 0.12 0.161681014192608
64 5 0.14496 0.08 0.162594696824452
64 6 0.1274 0 0.165204517288519
64 7 0.10628 0 0.149609306343371
64 8 0.08772 0 0.136618689300792
64 9 0.07468 0 0.124560077122699
64 10 0.06348 0 0.117064057650474
64 11 0.0678 0 0.128700131016731
64 12 0.06536 0 0.132441727605809
64 13 0.0498 0 0.10963566928687
64 14 0.0484 0 0.109861319441874
64 15 0.03936 0 0.0961958629258246
64 16 0.03308 0 0.0915319162461471
64 17 0.02944 0 0.0869669457302581
64 18 0.02824 0 0.0863687557046063
64 19 0.02868 0 0.0881068693146024
64 20 0.02896 0 0.0898787883574128
64 21 0.02684 0 0.0852225162576022
65 0 0.250481 0.2425 0.131183507925927
65 1 0.22028 0.2 0.155182483557917
65 2 0.16976 0.12 0.14616054633623
65 3 0.14744 0.12 0.146712545376907
65 4 0.14472 0.08 0.156570226530576
65 5 0.14104 0.08 0.158578894136848
65 6 0.11912 0.04 0.149470957604369
65 7 0.10396 0 0.144793935244829
65 8 0.08548 0 0.141357530933274
65 9 0.0732 0 0.133231793167812
65 10 0.06468 0 0.129681590501177
65 11 0.05944 0 0.125842451989473
65 12 0.05248 0 0.120104432368979
65 13 0.04884 0 0.118287134745272
65 14 0.04564 0 0.116134739323243
65 15 0.045 0 0.118565837650893
65 16 0.04268 0 0.117174004571609
65 17 0.03592 0 0.104601601780733
65 18 0.03496 0 0.103140857260527
65 19 0.03336 0 0.101515593953913
65 20 0.03384 0 0.106443339784998
65 21 0.03232 0 0.103210804037514
66 0 0.259116 0.249 0.130331803190637
66 1 0.22 0.2 0.15314651107307
66 2 0.16872 0.12 0.155494501961131
66 3 0.14508 0.08 0.156579407045469
66 4 0.13772 0.08 0.159261312834491
66 5 0.12796 0.04 0.151492535751397
66 6 0.13064 0.04 0.160316224043893
66 7 0.12312 0 0.161613069967699
66 8 0.1104 0 0.156039059815766
66 9 0.0972 0 0.148942753915536
66 10 0.09204 0 0.147186624060416
66 11 0.08568 0 0.143837501461986
66 12 0.08776 0 0.148032753457119
66 13 0.06888 0 0.129139547090048
66 14 0.06624 0 0.13287406789106
66 15 0.06084 0 0.135735472587377
66 16 0.04964 0 0.119745602881314
66 17 0.03884 0 0.10510995434545
66 18 0.03632 0 0.10450923298819
66 19 0.02956 0 0.092643344009104
66 20 0.02808 0 0.0919868206602183
66 21 0.02488 0 0.0814396587543073
67 0 0.251429 0.2455 0.127320373218258
67 1 0.22708 0.2 0.14516110135069
67 2 0.20652 0.2 0.150979085585667
67 3 0.19004 0.16 0.160354956618472
67 4 0.15472 0.08 0.159692276654894
67 5 0.13428 0.08 0.156680024987968
67 6 0.11832 0.04 0.152686904778671
67 7 0.10268 0 0.144457902814923
67 8 0.08528 0 0.134627806363493
67 9 0.0658 0 0.117749840870487
67 10 0.05844 0 0.116337013459607
67 11 0.05076 0 0.111487451544341
67 12 0.048 0 0.116485058135234
67 13 0.0432 0 0.109757034428808
67 14 0.04056 0 0.110674003881377
67 15 0.0412 0 0.112135339364245
67 16 0.0376 0 0.104852439332779
67 17 0.03264 0 0.0938223482600656
67 18 0.02876 0 0.0858150722578885
67 19 0.02956 0 0.0893162011271403
67 20 0.02596 0 0.080893894838994
67 21 0.02432 0 0.0796824126572915
68 0 0.257138 0.248 0.126918695672904
68 1 0.23196 0.24 0.146860908776047
68 2 0.19832 0.2 0.157895245363844
68 3 0.17344 0.16 0.161866510332333
68 4 0.14356 0.08 0.160829078192945
68 5 0.119 0.04 0.151825066609078
68 6 0.10944 0 0.151243383197286
68 7 0.10232 0 0.150363648621689
68 8 0.09344 0 0.148845965754943
68 9 0.07784 0 0.140053380356739
68 10 0.06544 0 0.133474423848997
68 11 0.06004 0 0.128001495236512
68 12 0.0552 0 0.123800996307327
68 13 0.05076 0 0.119099988275429
68 14 0.04192 0 0.101840488436992
68 15 0.03936 0 0.101636215594247
68 16 0.038 0 0.100700250945767
68 17 0.03408 0 0.0971266553896879
68 18 0.02892 0 0.0908398892859601
68 19 0.02612 0 0.0876300440752178
68 20 0.02448 0 0.084474052024663
68 21 0.02336 0 0.0824931240499202
69 0 0.251628 0.229 0.130683226627298
69 1 0.22264 0.2 0.145629111918731
69 2 0.19624 0.16 0.158830379617658
69 3 0.14608 0.08 0.158172222757512
69 4 0.12484 0.04 0.157459098713818
69 5 0.10276 0 0.14874981986177
69 6 0.08084 0 0.134782271314371
69 7 0.08148 0 0.138203146526082
69 8 0.08224 0 0.143542282226481
69 9 0.07704 0 0.144585418847626
69 10 0.0706 0 0.138805284146198
69 11 0.06808 0 0.137771167137738
69 12 0.05948 0 0.124344646813569
69 13 0.05392 0 0.121945497269495
69 14 0.04896 0 0.113799247223647
69 15 0.0454 0 0.109707227089539
69 16 0.04584 0 0.109633543744211
69 17 0.04748 0 0.116333929630109
69 18 0.04604 0 0.114824662434092
69 19 0.04396 0 0.112876301584786
69 20 0.04236 0 0.107857608278988
69 21 0.04528 0 0.117010311567028
70 0 0.259882 0.25 0.129102911034715
70 1 0.23556 0.24 0.147242544010781
70 2 0.21844 0.2 0.160252448490646
70 3 0.19476 0.16 0.166657484431744
70 4 0.16816 0.12 0.164804657018468
70 5 0.15944 0.08 0.1696952647627
70 6 0.139 0.04 0.166462938547624
70 7 0.13488 0 0.170991882333121
70 8 0.11412 0 0.160386874617437
70 9 0.0974 0 0.14852642896165
70 10 0.08092 0 0.141562684326038
70 11 0.06036 0 0.116580707930006
70 12 0.0598 0 0.124306927450614
70 13 0.05404 0 0.120803443129208
70 14 0.04988 0 0.119230035651263
70 15 0.04788 0 0.119379047395081
70 16 0.04312 0 0.110906112391364
70 17 0.04048 0 0.106274474187661
70 18 0.03848 0 0.107015615411686
70 19 0.03572 0 0.102778621536996
70 20 0.03156 0 0.0921545379178847
70 21 0.03156 0 0.0957179624121216
71 0 0.254012 0.246 0.129017546804237
71 1 0.22556 0.24 0.15525846705282
71 2 0.19452 0.16 0.158936561024927
71 3 0.1662 0.12 0.162330253221977
71 4 0.13724 0.08 0.155498431381677
71 5 0.09512 0 0.141894043284133
71 6 0.07816 0 0.132222907611719
71 7 0.07672 0 0.136146161816547
71 8 0.06528 0 0.125694553265926
71 9 0.05212 0 0.114104010995781
71 10 0.04968 0 0.116316065214686
71 11 0.04152 0 0.10191013332969
71 12 0.03468 0 0.0990469984800545
71 13 0.03468 0 0.103800154489635
71 14 0.033 0 0.100723111276137
71 15 0.03124 0 0.0965721936614706
71 16 0.03008 0 0.0952316263783343
71 17 0.027 0 0.0905671154581088
71 18 0.02464 0 0.0858757535340741
71 19 0.02232 0 0.0806841219046692
71 20 0.02052 0 0.0768533410857071
71 21 0.02172 0 0.0841387004946055
72 0 0.252214 0.247 0.12868179050358
72 1 0.224 0.2 0.152381166881016
72 2 0.15924 0.12 0.148250465768579
72 3 0.12336 0.04 0.147113400996486
72 4 0.11164 0 0.147582827900441
72 5 0.10412 0 0.149180697412502
72 6 0.08588 0 0.137213166471199
72 7 0.07856 0 0.136940421640504
72 8 0.07024 0 0.132032476970535
72 9 0.06516 0 0.128708742284044
72 10 0.0616 0 0.127326556743093
72 11 0.05492 0 0.122463018053577
72 12 0.0498 0 0.121089316715483
72 13 0.04264 0 0.108436104636734
72 14 0.03876 0 0.101937498761023
72 15 0.03752 0 0.102439950915371
72 16 0.03248 0 0.0944900946024396
72 17 0.03204 0 0.0968566963075843
72 18 0.03 0 0.0919894671256555
72 19 0.0256 0 0.0826430267467853
72 20 0.024 0 0.0806778092718742
72 21 0.02476 0 0.0874585124009744
73 0 0.254686 0.2465 0.130959542629798
73 1 0.23048 0.24 0.14740929108811
73 2 0.19428 0.16 0.159048980437405
73 3 0.17628 0.16 0.161877626514494
73 4 0.16108 0.12 0.166794046218244
73 5 0.13892 0.08 0.15585867164045
73 6 0.12748 0.04 0.157060235316001
73 7 0.12292 0 0.164304807201949
73 8 0.11444 0 0.162017703156588
73 9 0.10816 0 0.157347299222365
73 10 0.09624 0 0.150908700331809
73 11 0.09096 0 0.147960030314172
73 12 0.0746 0 0.140462698855496
73 13 0.06332 0 0.128270928237972
73 14 0.05796 0 0.12483036898536
73 15 0.04284 0 0.104082503657279
73 16 0.0358 0 0.0939744177486149
73 17 0.03356 0 0.0921945021475046
73 18 0.0374 0 0.102834892011491
73 19 0.03628 0 0.10399315446786
73 20 0.03372 0 0.101719754760364
73 21 0.03208 0 0.0988161840906551
74 0 0.25567 0.246 0.131592810471423
74 1 0.23356 0.24 0.154453819578482
74 2 0.21096 0.2 0.165853507004784
74 3 0.16256 0.12 0.162482759230163
74 4 0.12984 0.04 0.152104931906596
74 5 0.10688 0 0.149454348221128
74 6 0.09816 0 0.147911095229844
74 7 0.06404 0 0.119443480965456
74 8 0.05944 0 0.117809870408067
74 9 0.04356 0 0.109651036245672
74 10 0.04124 0 0.109949767400169
74 11 0.03596 0 0.100615117163386
74 12 0.0326 0 0.0953012188921124
74 13 0.03104 0 0.0977490320835622
74 14 0.02936 0 0.095086443996144
74 15 0.0304 0 0.0997967905265465
74 16 0.02952 0 0.0985448155951427
74 17 0.02812 0 0.0947789462309465
74 18 0.0274 0 0.0966280341152451
74 19 0.02416 0 0.0880002183999474
74 20 0.01952 0 0.0789100525687089
74 21 0.01564 0 0.0648783446120476
75 0 0.25754 0.248 0.127677005830407
75 1 0.23332 0.24 0.151162918163906
75 2 0.19596 0.18 0.165823930649276
75 3 0.15784 0.08 0.162931522674653
75 4 0.13792 0.08 0.160056526551377
75 5 0.12152 0 0.15777510127578
75 6 0.11844 0 0.157169553885823
75 7 0.10152 0 0.148530639771567
75 8 0.096 0 0.14616896170311
75 9 0.08764 0 0.14328349716754
75 10 0.0762 0 0.135749725554006
75 11 0.06164 0 0.126518446549574
75 12 0.0468 0 0.105421409939697
75 13 0.03812 0 0.0914769568450636
75 14 0.04252 0 0.105784876234933
75 15 0.04124 0 0.109599609828112
75 16 0.03936 0 0.108126230312916
75 17 0.03764 0 0.107052747235607
75 18 0.0376 0 0.108736671200031
75 19 0.03468 0 0.102495868224056
75 20 0.033 0 0.102050057394468
75 21 0.02768 0 0.0906357127871372
76 0 0.249527 0.2435 0.128531971659734
76 1 0.213 0.2 0.149180611524604
76 2 0.17212 0.16 0.151385677074231
76 3 0.15112 0.12 0.154472675277563
76 4 0.1422 0.04 0.16826964870313
76 5 0.13996 0 0.17214189272583
76 6 0.11908 0 0.160072411041931
76 7 0.10248 0 0.152885655388672
76 8 0.09676 0 0.148890801834334
76 9 0.08136 0 0.139502011495215
76 10 0.07196 0 0.131948356445879
76 11 0.05948 0 0.120856675181539
76 12 0.05212 0 0.114314362060825
76 13 0.05248 0 0.117161326282935
76 14 0.05044 0 0.116270913496563
76 15 0.04824 0 0.113853700269535
76 16 0.04764 0 0.11635105486401
76 17 0.04312 0 0.110138076957953
76 18 0.03976 0 0.106831434303558
76 19 0.0318 0 0.0922457005462546
76 20 0.02776 0 0.0849552811766273
76 21 0.02536 0 0.0865769366861982
77 0 0.257329 0.249 0.129016402023119
77 1 0.2332 0.24 0.149714977789714
77 2 0.219 0.2 0.154755773234311
77 3 0.18908 0.16 0.158544283687208
77 4 0.15992 0.12 0.161415143181947
77 5 0.12312 0.04 0.148505621171454
77 6 0.10708 0 0.148617498164788
77 7 0.08676 0 0.141097877414974
77 8 0.07632 0 0.131723227293475
77 9 0.06544 0 0.127885734783678
77 10 0.061 0 0.12773455333666
77 11 0.05072 0 0.112428295912202
77 12 0.04256 0 0.102999297353211
77 13 0.0428 0 0.105040913903077
77 14 0.04104 0 0.106601511632257
77 15 0.03952 0 0.107234643976976
77 16 0.0348 0 0.0974477093422727
77 17 0.03028 0 0.0922888879488687
77 18 0.02896 0 0.0907477468235634
77 19 0.02572 0 0.0844370251205667
77 20 0.02532 0 0.0841782845131901
77 21 0.02604 0 0.088182166533231
78 0 0.255662 0.249 0.127795647357347
78 1 0.22184 0.2 0.156763481682403
78 2 0.20952 0.2 0.167000775024725
78 3 0.1952 0.16 0.174423001302533
78 4 0.17168 0.12 0.172042949220177
78 5 0.15264 0.12 0.166168114396963
78 6 0.1336 0.04 0.160302017257228
78 7 0.10652 0 0.150580756287662
78 8 0.09232 0 0.143432180456097
78 9 0.07304 0 0.129170598215861
78 10 0.05756 0 0.118260864329803
78 11 0.05364 0 0.115966368394456
78 12 0.0448 0 0.105834592458992
78 13 0.04052 0 0.10982436428676
78 14 0.0392 0 0.107083270527318
78 15 0.03848 0 0.106655825274877
78 16 0.03348 0 0.0978522593743479
78 17 0.03212 0 0.104053508988081
78 18 0.0294 0 0.0987187185157171
78 19 0.02772 0 0.094372176554892
78 20 0.02592 0 0.0906088492563699
78 21 0.02456 0 0.0909696756171082
79 0 0.25407 0.248 0.128470556096655
79 1 0.23496 0.24 0.151231840131202
79 2 0.1842 0.16 0.155692646583582
79 3 0.16116 0.12 0.156345445403115
79 4 0.15236 0.08 0.160122670692409
79 5 0.13388 0.08 0.156316923525831
79 6 0.1012 0 0.147755174500224
79 7 0.0924 0 0.149440866474243
79 8 0.08544 0 0.148783543925203
79 9 0.07232 0 0.136872757522276
79 10 0.06948 0 0.134801710304807
79 11 0.06312 0 0.12557561401337
79 12 0.06376 0 0.130352038933244
79 13 0.05896 0 0.128745850006491
79 14 0.05664 0 0.125976904949203
79 15 0.04844 0 0.113944502937833
79 16 0.0456 0 0.111514463077555
79 17 0.04152 0 0.109559540401066
79 18 0.03312 0 0.0944202350176104
79 19 0.03152 0 0.0941538876231595
79 20 0.02916 0 0.0913435166721647
79 21 0.02616 0 0.0877915813831928
80 0 0.249917 0.244 0.126587876993026
80 1 0.22944 0.24 0.144827695767976
80 2 0.19148 0.16 0.156557720729193
80 3 0.17256 0.12 0.163678456239778
80 4 0.16668 0.12 0.165999196785205
80 5 0.15888 0.08 0.165167872257367
80 6 0.14544 0.08 0.165923889591394
80 7 0.13196 0.04 0.163209054882367
80 8 0.12424 0.04 0.157532342199432
80 9 0.10776 0 0.1510423655674
80 10 0.0978 0 0.144930897206099
80 11 0.09096 0 0.143643000914461
80 12 0.07788 0 0.135550283952043
80 13 0.0728 0 0.137412671330712
80 14 0.06992 0 0.137207942990264
80 15 0.0652 0 0.133243813792288
80 16 0.06064 0 0.129826211703358
80 17 0.06 0 0.133273259740136
80 18 0.05784 0 0.130117889104708
80 19 0.05212 0 0.121473706872975
80 20 0.04448 0 0.109551499903612
80 21 0.04156 0 0.109053468808007
81 0 0.251922 0.242 0.130741559082303
81 1 0.22388 0.2 0.149144190599532
81 2 0.17424 0.12 0.1530903623977
81 3 0.14472 0.08 0.154624805352927
81 4 0.10304 0.04 0.129198493221286
81 5 0.09904 0 0.139826427508643
81 6 0.08512 0 0.13974732525138
81 7 0.07736 0 0.138214810109965
81 8 0.06984 0 0.133366266203118
81 9 0.05408 0 0.115297211792164
81 10 0.05036 0 0.117878606056255
81 11 0.04204 0 0.107447584353411
81 12 0.03752 0 0.107251818411403
81 13 0.0302 0 0.0972657217143872
81 14 0.02608 0 0.0875414021883194
81 15 0.02364 0 0.0814062490069244
81 16 0.0192 0 0.0749304649296571
81 17 0.02012 0 0.0796789453640944
81 18 0.01888 0 0.0783740268717136
81 19 0.01684 0 0.0737255033882431
81 20 0.01472 0 0.0674497670201393
81 21 0.01484 0 0.0700905634667541
82 0 0.245295 0.2115 0.127822707762039
82 1 0.2154 0.2 0.153035485622975
82 2 0.18712 0.16 0.159690972840693
82 3 0.16872 0.12 0.167962415358237
82 4 0.13764 0.08 0.155618274786246
82 5 0.11888 0.04 0.149061614659727
82 6 0.10532 0 0.15419037671746
82 7 0.09372 0 0.149769798666462
82 8 0.091 0 0.152965350319601
82 9 0.08164 0 0.14708277854237
82 10 0.0712 0 0.138573311148152
82 11 0.05852 0 0.127290268333492
82 12 0.0512 0 0.117236104951949
82 13 0.04664 0 0.112941871182774
82 14 0.04452 0 0.110503305745035
82 15 0.04124 0 0.111267438376386
82 16 0.03752 0 0.104957446928104
82 17 0.03276 0 0.0955484793804272
82 18 0.02912 0 0.0925147803574358
82 19 0.026 0 0.0868120748302696
82 20 0.02148 0 0.0734738593515272
82 21 0.0188 0 0.0696290758821931
83 0 0.25219 0.24 0.130069058041718
83 1 0.2142 0.2 0.151996917939355
83 2 0.19232 0.16 0.159223018340847
83 3 0.15048 0.08 0.161946893753466
83 4 0.1204 0.04 0.149997130436349
83 5 0.1048 0 0.15099589318839
83 6 0.09772 0 0.149552557877047
83 7 0.083 0 0.136040828823949
83 8 0.07076 0 0.128124307757108
83 9 0.06212 0 0.12326678506516
83 10 0.05592 0 0.120470189950322
83 11 0.04888 0 0.114254977133601
83 12 0.04112 0 0.110944374594903
83 13 0.02884 0 0.0918471027865892
83 14 0.02808 0 0.0921781449716277
83 15 0.02408 0 0.0840000572000377
83 16 0.01892 0 0.0729338944041311
83 17 0.0158 0 0.066377450734161
83 18 0.01456 0 0.0641507733524836
83 19 0.0124 0 0.0626655165698566
83 20 0.01104 0 0.0574928154104826
83 21 0.0098 0 0.0512658579191667
84 0 0.253698 0.247 0.128598181512369
84 1 0.22824 0.24 0.148676181707115
84 2 0.21492 0.2 0.1571307852831
84 3 0.191 0.16 0.161862903716694
84 4 0.16696 0.12 0.161155606571815
84 5 0.1388 0.04 0.161787314506222
84 6 0.12636 0 0.162432554417933
84 7 0.11436 0 0.153903465447262
84 8 0.09684 0 0.14429287866986
84 9 0.08548 0 0.141504746186102
84 10 0.07256 0 0.128547153880476
84 11 0.06324 0 0.124856283348062
84 12 0.05884 0 0.127983726442991
84 13 0.05108 0 0.121203646495986
84 14 0.04544 0 0.113345726225798
84 15 0.04372 0 0.115410056238965
84 16 0.03828 0 0.106750350056743
84 17 0.03616 0 0.102943925764718
84 18 0.03432 0 0.100000688686317
84 19 0.03316 0 0.0997274283232048
84 20 0.0298 0 0.0943825623092956
84 21 0.02736 0 0.0904854574946605
85 0 0.252408 0.2435 0.129913960655401
85 1 0.23804 0.24 0.143462677864105
85 2 0.20272 0.2 0.165633438761731
85 3 0.18012 0.16 0.171386577534412
85 4 0.159 0.12 0.164269243574031
85 5 0.1354 0.08 0.157644193333252
85 6 0.11076 0 0.150879378932268
85 7 0.09224 0 0.138519926978649
85 8 0.07956 0 0.136355414997715
85 9 0.06804 0 0.124985518280238
85 10 0.04992 0 0.107388667586137
85 11 0.0452 0 0.101914407943855
85 12 0.04224 0 0.112033628585054
85 13 0.03632 0 0.106060862274953
85 14 0.03204 0 0.0971373979169407
85 15 0.02716 0 0.0867609466399593
85 16 0.02368 0 0.080135380945493
85 17 0.0222 0 0.0773844192867553
85 18 0.02436 0 0.0873144559292115
85 19 0.02196 0 0.084000085800042
85 20 0.02248 0 0.08521684992718
85 21 0.0232 0 0.08912521137873
86 0 0.25519 0.247 0.127464493476015
86 1 0.23056 0.24 0.144018150340947
86 2 0.20804 0.2 0.149208651296169
86 3 0.18132 0.16 0.154214265357131
86 4 0.1594 0.12 0.156747599055966
86 5 0.15048 0.12 0.157626824543971
86 6 0.1384 0.08 0.15588502218026
86 7 0.13068 0.04 0.156066313771724
86 8 0.12384 0 0.159953867223145
86 9 0.11252 0 0.156662033028404
86 10 0.09792 0 0.147387233492581
86 11 0.0816 0 0.136199817879432
86 12 0.07388 0 0.132873627936476
86 13 0.0682 0 0.130823066294422
86 14 0.0604 0 0.123854672822546
86 15 0.05492 0 0.119296375574555
86 16 0.04832 0 0.114058699742663
86 17 0.04488 0 0.108800842015231
86 18 0.0378 0 0.103201795578423
86 19 0.03428 0 0.0976566353015422
86 20 0.03448 0 0.100600447563865
86 21 0.03108 0 0.0944614024697736
87 0 0.246625 0.245 0.129601539087828
87 1 0.22844 0.2 0.148114497279315
87 2 0.21212 0.2 0.161619387532642
87 3 0.17776 0.16 0.158465433750373
87 4 0.16092 0.12 0.155957289910656
87 5 0.16464 0.12 0.167303499248703
87 6 0.14568 0.08 0.164753395355851
87 7 0.1356 0.04 0.16473426291266
87 8 0.116 0 0.160958092395218
87 9 0.09448 0 0.143654328741483
87 10 0.08712 0 0.145445728916528
87 11 0.07768 0 0.136823017574303
87 12 0.0754 0 0.141388934612405
87 13 0.07032 0 0.136358686160036
87 14 0.0674 0 0.136219660092792
87 15 0.06308 0 0.134219702460289
87 16 0.06104 0 0.135438776065284
87 17 0.05764 0 0.130985447999339
87 18 0.05044 0 0.118643510916875
87 19 0.04772 0 0.115280923362416
87 20 0.04452 0 0.113520290945965
87 21 0.04476 0 0.116298184283624
88 0 0.252097 0.246 0.128587489023362
88 1 0.22692 0.2 0.145906141756275
88 2 0.17184 0.16 0.150553913535587
88 3 0.14708 0.12 0.152626237483495
88 4 0.1458 0.08 0.160124951209985
88 5 0.13804 0.06 0.162520679826819
88 6 0.12204 0.04 0.157113089597662
88 7 0.0824 0 0.127766052471555
88 8 0.06216 0 0.12209111614135
88 9 0.05084 0 0.115015316036269
88 10 0.04452 0 0.10550592922249
88 11 0.03912 0 0.101933390093806
88 12 0.0344 0 0.0991366131561295
88 13 0.03264 0 0.0965979376672274
88 14 0.03016 0 0.0948523661875199
88 15 0.02984 0 0.0937654860082662
88 16 0.02744 0 0.0882203447580502
88 17 0.02548 0 0.0855270979543003
88 18 0.0244 0 0.0843264546328787
88 19 0.02348 0 0.081825332171553
88 20 0.0202 0 0.0757211575036574
88 21 0.01784 0 0.0723364843420453
89 0 0.244434 0.213 0.128189766597261
89 1 0.21516 0.2 0.153487891812133
89 2 0.20112 0.2 0.166317789809771
89 3 0.18332 0.16 0.168203656530023
89 4 0.16152 0.12 0.168932613274725
89 5 0.13764 0.08 0.162041623936222
89 6 0.10952 0.02 0.149148298062079
89 7 0.08372 0 0.138091385795171
89 8 0.06812 0 0.129127609516863
89 9 0.07008 0 0.134651121512316
89 10 0.06848 0 0.137979447483775
89 11 0.06064 0 0.129133519528687
89 12 0.05672 0 0.123500988231245
89 13 0.0524 0 0.121254041345196
89 14 0.04632 0 0.110943075340311
89 15 0.04684 0 0.114988855272313
89 16 0.04284 0 0.110978604472442
89 17 0.03756 0 0.10450726371008
89 18 0.03548 0 0.100960202865102
89 19 0.03388 0 0.0995331726232639
89 20 0.03112 0 0.0960540054967619
89 21 0.03052 0 0.0959715590169303
90 0 0.252246 0.2435 0.127337041767925
90 1 0.23424 0.24 0.145747949779285
90 2 0.21124 0.2 0.155749543563762
90 3 0.18996 0.16 0.165530053460387
90 4 0.16704 0.12 0.164836918224073
90 5 0.14632 0.08 0.162182492152392
90 6 0.12292 0.04 0.158166020655797
90 7 0.09072 0 0.136609457006987
90 8 0.09272 0 0.14373190481052
90 9 0.09256 0 0.147442143180251
90 10 0.0836 0 0.141830729942266
90 11 0.05948 0 0.123724845675545
90 12 0.05896 0 0.133305246290942
90 13 0.04952 0 0.119494135623672
90 14 0.04636 0 0.116867482254083
90 15 0.04164 0 0.108655033552599
90 16 0.03668 0 0.100322690565207
90 17 0.03652 0 0.104554393600753
90 18 0.03104 0 0.0948045690159831
90 19 0.02728 0 0.0864550523455748
90 20 0.02672 0 0.0879327798592412
90 21 0.02348 0 0.0826433271324402
91 0 0.258447 0.25 0.130345238010723
91 1 0.21856 0.2 0.148940624779506
91 2 0.18844 0.16 0.163139759044143
91 3 0.16148 0.12 0.161264428240749
91 4 0.12176 0.08 0.144959013226207
91 5 0.09492 0 0.136431694291346
91 6 0.0958 0 0.139571631215803
91 7 0.0842 0 0.137775695034146
91 8 0.07532 0 0.132594414961109
91 9 0.07044 0 0.131372238563043
91 10 0.06704 0 0.128107962477162
91 11 0.06032 0 0.123206645427418
91 12 0.05476 0 0.121339464584552
91 13 0.05128 0 0.119715886554348
91 14 0.04572 0 0.108442802626276
91 15 0.03996 0 0.102805483158085
91 16 0.03844 0 0.102497180800606
91 17 0.0362 0 0.0983871944921698
91 18 0.0334 0 0.0947365558536672
91 19 0.03156 0 0.0941319670846585
91 20 0.03144 0 0.0978340324115177
91 21 0.02976 0 0.0955168355101124
92 0 0.254682 0.249 0.132372472014945
92 1 0.2382 0.24 0.150907697395239
92 2 0.22492 0.24 0.155042677453119
92 3 0.20196 0.2 0.161100315678498
92 4 0.17984 0.16 0.159136730200475
92 5 0.1564 0.12 0.161235966946079
92 6 0.12136 0.04 0.152427637207249
92 7 0.11016 0 0.151387226979334
92 8 0.09752 0 0.148366648079217
92 9 0.07856 0 0.138902917249496
92 10 0.07 0 0.134407087853525
92 11 0.07336 0 0.141268068108356
92 12 0.06116 0 0.131672290144859
92 13 0.05428 0 0.12166052310788
92 14 0.05624 0 0.127820970895235
92 15 0.05468 0 0.125820222255122
92 16 0.0476 0 0.116401844441527
92 17 0.04356 0 0.109694846548775
92 18 0.04348 0 0.110439515059088
92 19 0.0424 0 0.110663844531475
92 20 0.03792 0 0.104507393974759
92 21 0.0354 0 0.0999361157301365
93 0 0.249747 0.244 0.128648651242314
93 1 0.20996 0.2 0.156298520874728
93 2 0.15828 0.08 0.171942449109595
93 3 0.12244 0.04 0.156023041854688
93 4 0.10176 0 0.151971041970494
93 5 0.09356 0 0.151760197540586
93 6 0.06988 0 0.130596481733012
93 7 0.05676 0 0.12073474760515
93 8 0.05324 0 0.121409400964846
93 9 0.05284 0 0.126452855739697
93 10 0.04228 0 0.109011398876838
93 11 0.03304 0 0.0913800235757723
93 12 0.02416 0 0.0792677600148874
93 13 0.02108 0 0.0801926708899539
93 14 0.02148 0 0.0821008535287554
93 15 0.02104 0 0.0805518901516718
93 16 0.0192 0 0.0743726515010141
93 17 0.02076 0 0.0830802306492027
93 18 0.01784 0 0.0738917748764664
93 19 0.0172 0 0.0733480738665982
93 20 0.01432 0 0.0636536675250483
93 21 0.01496 0 0.0683173891894711
94 0 0.260617 0.25 0.128436413151502
94 1 0.23668 0.24 0.14806383927381
94 2 0.20516 0.2 0.157509948205768
94 3 0.18176 0.16 0.160430172474632
94 4 0.17628 0.16 0.164848222727867
94 5 0.16372 0.12 0.163937296052598
94 6 0.14988 0.12 0.160034986164891
94 7 0.129 0.04 0.162760840164614
94 8 0.10056 0 0.150114025396099
94 9 0.0818 0 0.146371392644139
94 10 0.07396 0 0.140333930366152
94 11 0.069 0 0.138733727143211
94 12 0.06552 0 0.137885975146648
94 13 0.05976 0 0.13110427426568
94 14 0.05476 0 0.124878088297895
94 15 0.054 0 0.128647386876493
94 16 0.04196 0 0.108944147283033
94 17 0.03992 0 0.10598880708465
94 18 0.03792 0 0.105392510081036
94 19 0.0326 0 0.0957873437110311
94 20 0.03272 0 0.097790411414231
94 21 0.02988 0 0.0940852679096873
95 0 0.254941 0.249 0.125388730964361
95 1 0.22836 0.2 0.14730583630464
95 2 0.17684 0.12 0.155665815920665
95 3 0.13676 0.08 0.151830678569764
95 4 0.11144 0 0.152476803401618
95 5 0.09996 0 0.146530097486726
95 6 0.08256 0 0.135949728682071
95 7 0.0692 0 0.128756896274873
95 8 0.0548 0 0.117355580746432
95 9 0.05096 0 0.117763095010901
95 10 0.042 0 0.104707992836095
95 11 0.03952 0 0.105669937710475
95 12 0.03672 0 0.101569473553612
95 13 0.03528 0 0.100402202178051
95 14 0.0316 0 0.0939226355116883
95 15 0.0302 0 0.0936072770799489
95 16 0.02908 0 0.0931054360508677
95 17 0.02644 0 0.0900057077491613
95 18 0.02612 0 0.0884305691803777
95 19 0.02416 0 0.0852452999358977
95 20 0.02228 0 0.0799474401916234
95 21 0.021 0 0.0770982758830841
96 0 0.253132 0.248 0.127033728372209
96 1 0.2206 0.2 0.149386600323979
96 2 0.19568 0.16 0.158391999878863
96 3 0.17952 0.12 0.164734049021163
96 4 0.16652 0.12 0.167522994103954
96 5 0.15056 0.08 0.167283203191683
96 6 0.13108 0.04 0.158856126318341
96 7 0.12408 0 0.159717448211719
96 8 0.10824 0 0.14987783613919
96 9 0.08908 0 0.135982516688157
96 10 0.0896 0 0.137510541956423
96 11 0.08568 0 0.144393168075872
96 12 0.07456 0 0.131186952157661
96 13 0.05736 0 0.120164345252117
96 14 0.04968 0 0.115445334358844
96 15 0.04744 0 0.113528565282642
96 16 0.04204 0 0.108839719241114
96 17 0.03912 0 0.104232864731284
96 18 0.03564 0 0.0965230910565296
96 19 0.03376 0 0.095961820903269
96 20 0.02808 0 0.089997851158865
96 21 0.0246 0 0.0839159215040977
97 0 0.24348 0.214 0.128039930583486
97 1 0.20696 0.16 0.15816628899666
97 2 0.12916 0.08 0.145270774755276
97 3 0.08512 0.04 0.117618109233313
97 4 0.0862 0 0.121906608603559
97 5 0.07252 0 0.121795253124593
97 6 0.07192 0 0.128583230816647
97 7 0.07432 0 0.139851693218552
97 8 0.0674 0 0.136724297524374
97 9 0.05688 0 0.121991588019615
97 10 0.04668 0 0.109417319240373
97 11 0.03916 0 0.104838377922808
97 12 0.03596 0 0.105403929662932
97 13 0.02596 0 0.0823654203076902
97 14 0.02292 0 0.0787558002694156
97 15 0.02048 0 0.0755292941465381
97 16 0.02124 0 0.0777773213199819
97 17 0.02132 0 0.080587542163488
97 18 0.02136 0 0.0821419362913834
97 19 0.0206 0 0.0816817722133397
97 20 0.01812 0 0.0743531707057204
97 21 0.01724 0 0.0729115800027574
98 0 0.246154 0.212 0.12954308818187
98 1 0.21856 0.2 0.149680762727649
98 2 0.17456 0.16 0.151746609297979
98 3 0.15048 0.08 0.163609711624151
98 4 0.14088 0.08 0.161779473970582
98 5 0.11448 0.04 0.150588866144236
98 6 0.09664 0 0.15009876761666
98 7 0.07628 0 0.136293571152632
98 8 0.07072 0 0.133610378838372
98 9 0.06444 0 0.128449155643724
98 10 0.05756 0 0.12358527306973
98 11 0.04712 0 0.109323635400847
98 12 0.04436 0 0.109417377790562
98 13 0.04032 0 0.101920976670583
98 14 0.03288 0 0.0950954717573279
98 15 0.02732 0 0.0884479544175027
98 16 0.02684 0 0.0877594218082373
98 17 0.02524 0 0.0885414139371062
98 18 0.02124 0 0.0807674797538328
98 19 0.02124 0 0.083574200845997
98 20 0.01924 0 0.0788266200977565
98 21 0.01628 0 0.0745635388197296
99 0 0.249179 0.246 0.126852293883333
99 1 0.19556 0.16 0.144564121362063
99 2 0.14256 0.08 0.150838319397289
99 3 0.10264 0.04 0.134133598409281
99 4 0.09788 0 0.141973455483981
99 5 0.10596 0 0.153229101536091
99 6 0.09616 0 0.150151256404333
99 7 0.08184 0 0.138204612495079
99 8 0.06256 0 0.121254067762484
99 9 0.05864 0 0.121114900896707
99 10 0.05908 0 0.129923183587971
99 11 0.05324 0 0.122943147094165
99 12 0.05024 0 0.119849515252696
99 13 0.04712 0 0.118747659373171
99 14 0.04144 0 0.109209216886914
99 15 0.03908 0 0.102785789477527
99 16 0.03584 0 0.101316135730491
99 17 0.03572 0 0.10294989208484
99 18 0.03392 0 0.101092300662579
99 19 0.03184 0 0.0972773214951834
99 20 0.03064 0 0.100920638996071
99 21 0.03056 0 0.102268985256261
100 0 0.247204 0.2145 0.124721649579669
100 1 0.21892 0.2 0.150888040615553
100 2 0.18624 0.16 0.157638549575643
100 3 0.17228 0.16 0.153192263086193
100 4 0.16372 0.12 0.158796025698938
100 5 0.14164 0.08 0.156653281646605
100 6 0.12844 0.04 0.157072716403067
100 7 0.11824 0 0.15864321627498
100 8 0.11984 0 0.165491273974677
100 9 0.113 0 0.15959094356908
100 10 0.1046 0 0.157074225486909
100 11 0.10224 0 0.158556370173268
100 12 0.09092 0 0.149186494731293
100 13 0.08592 0 0.151992286828165
100 14 0.077 0 0.143377673147381
100 15 0.07168 0 0.137791742002793
100 16 0.06092 0 0.13019410164867
100 17 0.0556 0 0.124486693814789
100 18 0.05256 0 0.123034075701749
100 19 0.04564 0 0.10984104631446
100 20 0.041 0 0.10577991014077
100 21 0.03568 0 0.0977532265109101
