r g mean median sd
1 0 0.25642 0.25 0.127059867030506
1 1 0.2486227 0.2366 0.132683458708782
1 2 0.2414093 0.23595 0.137682114118204
1 3 0.2359122 0.2326 0.141982635980884
1 4 0.2346912 0.23315 0.143672010597712
1 5 0.2306403 0.2261 0.146656777669313
1 6 0.2263662 0.2254 0.14872009973647
1 7 0.2237581 0.22515 0.150073569927488
1 8 0.2206697 0.2205 0.150528288762038
1 9 0.2185785 0.2165 0.151573135558954
1 10 0.2161378 0.2131 0.152744815852879
1 11 0.2137652 0.20605 0.154615986017268
1 12 0.2119285 0.203 0.156251883536996
1 13 0.2095841 0.19245 0.157382683311082
1 14 0.2074538 0.18505 0.157115044164022
1 15 0.2066372 0.18945 0.15710490949919
1 16 0.2063582 0.18915 0.157381801884221
1 17 0.2071323 0.19255 0.158882314675443
1 18 0.2057994 0.1913 0.158244237045771
1 19 0.2047197 0.19015 0.157798509852348
1 20 0.2031117 0.1881 0.157720995068492
1 21 0.2023127 0.18965 0.158109096686956
2 0 0.253533 0.242 0.132043312391606
2 1 0.2440544 0.22945 0.13900260207645
2 2 0.2355911 0.22825 0.143182176007757
2 3 0.2277738 0.2191 0.145721959714736
2 4 0.2207174 0.2107 0.147126520349766
2 5 0.2175165 0.20565 0.148443284814627
2 6 0.2113736 0.19725 0.149597813248619
2 7 0.2061727 0.18755 0.15010987688973
2 8 0.2029039 0.1809 0.150855716437833
2 9 0.1990847 0.1802 0.151422940014625
2 10 0.1955164 0.17245 0.152385053780401
2 11 0.1968208 0.1777 0.15359908269767
2 12 0.1955591 0.1767 0.153615898465789
2 13 0.1949917 0.17585 0.153083140315839
2 14 0.1954912 0.17475 0.154097346098609
2 15 0.1945458 0.17525 0.153754388536895
2 16 0.1954942 0.17445 0.154628406156018
2 17 0.1946155 0.1758 0.154887541785485
2 18 0.1951785 0.17615 0.155745089619836
2 19 0.1953824 0.1743 0.156634988843393
2 20 0.1938575 0.1699 0.156916186843306
2 21 0.1937067 0.16985 0.157208244749846
3 0 0.251208 0.245 0.12380030392229
3 1 0.245626 0.23835 0.134244077621236
3 2 0.2410602 0.2328 0.139505557009018
3 3 0.2392586 0.23105 0.143487963752301
3 4 0.2367655 0.23325 0.146220638334077
3 5 0.2327853 0.2255 0.14834441465478
3 6 0.2291866 0.22475 0.148631279135913
3 7 0.2259331 0.2198 0.150858468346533
3 8 0.2229437 0.21365 0.151664610883701
3 9 0.2196697 0.20955 0.153650719410895
3 10 0.2167962 0.20515 0.154038675595252
3 11 0.2173992 0.2048 0.155886560611039
3 12 0.2172124 0.20285 0.156978366323942
3 13 0.2162422 0.20255 0.156439481431353
3 14 0.2161737 0.2059 0.15650777412535
3 15 0.2148711 0.20245 0.156842050623019
3 16 0.2133718 0.19585 0.156235813032845
3 17 0.2128808 0.1991 0.157124593330227
3 18 0.2126114 0.201 0.157265391212795
3 19 0.2115329 0.20315 0.15627211402298
3 20 0.2101333 0.1966 0.155681843634855
3 21 0.2103927 0.19765 0.155567763581585
4 0 0.251986 0.2285 0.131031015148822
4 1 0.2410805 0.23585 0.140452754568987
4 2 0.2246584 0.2079 0.147427980108115
4 3 0.2161537 0.20085 0.149234275806148
4 4 0.2122921 0.19275 0.150484442102514
4 5 0.2073171 0.1911 0.151590524521537
4 6 0.2047439 0.18655 0.152475568409341
4 7 0.2021286 0.1801 0.153392173989031
4 8 0.1996461 0.17945 0.154382233105655
4 9 0.195707 0.1741 0.155074483414927
4 10 0.1937274 0.1743 0.155896941232102
4 11 0.191276 0.16355 0.155313065878027
4 12 0.1884663 0.16355 0.154407182904302
4 13 0.1863754 0.15865 0.15450147494636
4 14 0.1853597 0.1569 0.153989561499996
4 15 0.1821318 0.15285 0.154421906262984
4 16 0.1800224 0.14315 0.155567695380777
4 17 0.1798796 0.1423 0.157605011035003
4 18 0.1777576 0.134 0.157554186945521
4 19 0.1769379 0.1319 0.158688680601172
4 20 0.1774505 0.13125 0.159338438795627
4 21 0.1775489 0.12915 0.159929692632029
5 0 0.243609 0.2215 0.127395689804564
5 1 0.2322925 0.21215 0.141839619258306
5 2 0.2184938 0.1949 0.150349019249043
5 3 0.2105786 0.1909 0.153368912512821
5 4 0.206139 0.18435 0.152101800636142
5 5 0.2015633 0.1806 0.151196814251325
5 6 0.1979884 0.173 0.150892720230164
5 7 0.1951088 0.163 0.150977940047349
5 8 0.1916756 0.1664 0.150824939605647
5 9 0.1895545 0.15845 0.152783177277503
5 10 0.1859105 0.15595 0.152961305894173
5 11 0.1803288 0.1484 0.153145527466992
5 12 0.1769006 0.1429 0.152088157485346
5 13 0.1766969 0.14145 0.152399643607726
5 14 0.1737451 0.1395 0.150787918854471
5 15 0.1760658 0.145 0.152787651584926
5 16 0.1770395 0.14195 0.154986843542997
5 17 0.1760424 0.142 0.155060349071238
5 18 0.1726432 0.14225 0.154336919687217
5 19 0.1707841 0.1388 0.154248281252854
5 20 0.1684502 0.13325 0.152889328230085
5 21 0.1681915 0.13495 0.152717463183852
6 0 0.252439 0.242 0.128960758202471
6 1 0.2442778 0.2361 0.138664414277589
6 2 0.2333617 0.22785 0.145036173469672
6 3 0.2271249 0.2174 0.147882414568226
6 4 0.2224637 0.2099 0.148327980442303
6 5 0.2221681 0.20565 0.14962290434922
6 6 0.2215614 0.2065 0.151464552092496
6 7 0.2190146 0.20335 0.153124507776259
6 8 0.2172963 0.19655 0.154789629710054
6 9 0.2159528 0.18965 0.156219369873533
6 10 0.213558 0.18645 0.158065196429582
6 11 0.21283 0.1864 0.159583501007447
6 12 0.2111628 0.1891 0.160694870788266
6 13 0.2085286 0.1912 0.160829070543767
6 14 0.2081032 0.19325 0.161089055846987
6 15 0.2084751 0.18945 0.16180847670355
6 16 0.208343 0.1849 0.162280296973434
6 17 0.2070329 0.17815 0.163024925130496
6 18 0.2052243 0.178 0.162084054861514
6 19 0.2045303 0.18205 0.161877013313655
6 20 0.2039665 0.1811 0.161299747291266
6 21 0.2045387 0.1828 0.16278878450517
7 0 0.25308 0.2455 0.128789845967857
7 1 0.242019 0.22915 0.136287901117418
7 2 0.2361088 0.22615 0.141151204901712
7 3 0.2334406 0.22415 0.145410060234006
7 4 0.2326235 0.2216 0.14809777590828
7 5 0.232563 0.22505 0.149899866447442
7 6 0.2303372 0.2252 0.150612124971227
7 7 0.2283804 0.22085 0.152113269646808
7 8 0.223867 0.21385 0.153177123952313
7 9 0.2192236 0.2062 0.152474833785704
7 10 0.216298 0.19595 0.152532741380968
7 11 0.2146805 0.19215 0.152967425169259
7 12 0.2106965 0.18515 0.153661867968008
7 13 0.2071665 0.18035 0.154770289106599
7 14 0.2048422 0.18425 0.154523350873339
7 15 0.20286 0.18105 0.1552656538429
7 16 0.2026121 0.1783 0.155264477655424
7 17 0.2020323 0.17685 0.155852813276232
7 18 0.2018197 0.17455 0.15614905580739
7 19 0.2022361 0.17625 0.156456485127746
7 20 0.2020209 0.17545 0.157519459284379
7 21 0.2016106 0.17465 0.157366119807611
8 0 0.250487 0.2485 0.127554215566985
8 1 0.2354217 0.22085 0.133690812895137
8 2 0.2230513 0.21235 0.140418578384292
8 3 0.2170308 0.20965 0.142832193804292
8 4 0.2142875 0.20705 0.144361115212287
8 5 0.2104253 0.1974 0.146443861375083
8 6 0.206813 0.1943 0.146108898158603
8 7 0.2038877 0.1896 0.146405478117223
8 8 0.2020079 0.184 0.148407050372245
8 9 0.1991113 0.1766 0.149389597141314
8 10 0.1961738 0.17395 0.14914965945142
8 11 0.1955112 0.17325 0.148708632136241
8 12 0.1931961 0.1707 0.149577977544009
8 13 0.1922282 0.16605 0.149861958920506
8 14 0.1910024 0.15965 0.151016979251547
8 15 0.1904233 0.1641 0.151816241286063
8 16 0.1902836 0.1586 0.15213580470788
8 17 0.1904903 0.1612 0.15263234260116
8 18 0.1899627 0.16495 0.152537964813418
8 19 0.188913 0.1638 0.151923701910539
8 20 0.188851 0.16385 0.152959264366548
8 21 0.1871443 0.16275 0.152391782202299
9 0 0.256057 0.246 0.129238540503022
9 1 0.2481485 0.23575 0.133633720778399
9 2 0.2390032 0.23465 0.141768090772646
9 3 0.2332811 0.21745 0.14966041899515
9 4 0.2294285 0.2211 0.152972464687939
9 5 0.2258247 0.2157 0.15595674145453
9 6 0.2219537 0.2058 0.157467492128971
9 7 0.219602 0.20375 0.157931783324903
9 8 0.2186132 0.2041 0.159337075375913
9 9 0.2167943 0.20195 0.157705803691646
9 10 0.2144846 0.1981 0.158296361742717
9 11 0.2132607 0.1953 0.158034982650207
9 12 0.2110392 0.19735 0.158893707281231
9 13 0.2109161 0.19185 0.159241004858731
9 14 0.210133 0.1942 0.159038964732871
9 15 0.2081153 0.1886 0.160314601978477
9 16 0.2052163 0.18055 0.160682585420971
9 17 0.2039502 0.18255 0.162362468419001
9 18 0.202423 0.17575 0.16200658667204
9 19 0.201789 0.1738 0.16201255132176
9 20 0.2018416 0.18 0.162795229217862
9 21 0.2010268 0.1776 0.163039743374674
10 0 0.2549 0.243 0.126275593546518
10 1 0.2455065 0.23595 0.140339317554995
10 2 0.2264085 0.2052 0.151137286521649
10 3 0.2092131 0.177 0.149375485184029
10 4 0.2019963 0.17075 0.149452203052706
10 5 0.192044 0.16175 0.146764101896907
10 6 0.1874624 0.15015 0.146899086886093
10 7 0.1841744 0.14965 0.146774822135995
10 8 0.1795113 0.1419 0.145352432011996
10 9 0.1756566 0.1358 0.144249026610643
10 10 0.1720194 0.1362 0.143585123712004
10 11 0.1684404 0.13445 0.143507585286893
10 12 0.1657505 0.1287 0.143656559916201
10 13 0.166016 0.1304 0.145191057255973
10 14 0.1660448 0.127 0.14655960449807
10 15 0.1652944 0.12135 0.147192938110732
10 16 0.1638752 0.12285 0.146051463309667
10 17 0.1633749 0.12255 0.14593926719598
10 18 0.1635004 0.1224 0.145921644337384
10 19 0.1628433 0.1221 0.145715135094834
10 20 0.1616271 0.1228 0.145763811298533
10 21 0.1617169 0.12465 0.146751861771234
11 0 0.257003 0.243 0.131526127112118
11 1 0.2511549 0.2427 0.13609985285053
11 2 0.2437791 0.2395 0.139823486799073
11 3 0.239626 0.2338 0.14326232651398
11 4 0.2381134 0.2352 0.144698307871035
11 5 0.2357591 0.23945 0.146718568066231
11 6 0.2325474 0.231 0.148899607475461
11 7 0.2302562 0.22665 0.150963474762183
11 8 0.2279157 0.2227 0.15300606510681
11 9 0.225208 0.2189 0.153581486022401
11 10 0.2226598 0.2195 0.154238977064833
11 11 0.2201762 0.21925 0.153751943967658
11 12 0.2187306 0.21345 0.154043337192406
11 13 0.2177133 0.2063 0.155103207633266
11 14 0.2163311 0.20825 0.156317910592363
11 15 0.2154692 0.20575 0.158099274166113
11 16 0.2127919 0.2037 0.157527191114202
11 17 0.2088858 0.1971 0.158540997619815
11 18 0.2069248 0.19655 0.157956230189302
11 19 0.2067823 0.2024 0.159178549960343
11 20 0.2059286 0.199 0.158759813871586
11 21 0.2060302 0.20135 0.159136707517906
12 0 0.258697 0.245 0.1291236310793
12 1 0.2470114 0.2417 0.133666996060643
12 2 0.237599 0.23275 0.138558526638761
12 3 0.2309256 0.2209 0.141415323208902
12 4 0.2277245 0.2173 0.143416761632897
12 5 0.2257148 0.217 0.145436358643138
12 6 0.2232082 0.2144 0.146450162590838
12 7 0.2216256 0.20865 0.148734696741059
12 8 0.2174299 0.2024 0.148371604996236
12 9 0.2140223 0.2015 0.149403742158223
12 10 0.2116498 0.1949 0.150809191736685
12 11 0.2096412 0.19555 0.150691782177316
12 12 0.2079667 0.1923 0.152538706425838
12 13 0.207638 0.19305 0.153464532380282
12 14 0.206845 0.1839 0.152377690806941
12 15 0.2049454 0.18875 0.151294500113536
12 16 0.2047326 0.1908 0.151699619286707
12 17 0.2039526 0.1899 0.152047625412677
12 18 0.2022334 0.1938 0.152279471373662
12 19 0.2019178 0.1831 0.153237686525645
12 20 0.2004778 0.18195 0.153444254197758
12 21 0.1989171 0.17855 0.153388508605313
13 0 0.251276 0.249 0.128966934887568
13 1 0.2448027 0.23485 0.135860118705103
13 2 0.2380351 0.22975 0.140559332468299
13 3 0.2333827 0.2236 0.141794619590642
13 4 0.2309238 0.22335 0.143566253983458
13 5 0.2280923 0.21775 0.144334774041835
13 6 0.2249375 0.2127 0.145283422993633
13 7 0.2215011 0.209 0.146289913690718
13 8 0.2196982 0.21245 0.146962716349273
13 9 0.2161215 0.19915 0.147317250313702
13 10 0.2121658 0.1979 0.149136621063044
13 11 0.2078399 0.19165 0.14968996674505
13 12 0.2050913 0.1861 0.150597463492319
13 13 0.202155 0.1849 0.151512924799772
13 14 0.1999124 0.1797 0.152538368025753
13 15 0.1970466 0.1785 0.152683940393527
13 16 0.1964777 0.1762 0.152829716531063
13 17 0.1956566 0.1778 0.153018586532043
13 18 0.1936784 0.17925 0.152662301868706
13 19 0.1940327 0.1779 0.153315303681834
13 20 0.1939831 0.1758 0.154669013794678
13 21 0.1922934 0.16935 0.155268635743622
14 0 0.255415 0.244 0.129443123793028
14 1 0.2402445 0.22295 0.139648080388189
14 2 0.2200336 0.1991 0.144421045105308
14 3 0.2073212 0.18345 0.142918313574275
14 4 0.1986544 0.1724 0.142928688760202
14 5 0.1932996 0.16385 0.144064396052772
14 6 0.1888201 0.15335 0.147561236252731
14 7 0.1845842 0.14415 0.150320568664849
14 8 0.1818336 0.13715 0.153507265990088
14 9 0.1782441 0.1326 0.154090933545718
14 10 0.1757694 0.13145 0.155411905799086
14 11 0.1753112 0.129 0.154703294482968
14 12 0.1748287 0.13325 0.154887782835127
14 13 0.1744089 0.1295 0.156012836766806
14 14 0.1723912 0.126 0.158800968732027
14 15 0.1696192 0.11525 0.159148766571599
14 16 0.1678971 0.1138 0.159053392177448
14 17 0.1665088 0.1087 0.158561892951795
14 18 0.1672216 0.1155 0.159146536291097
14 19 0.1670817 0.1086 0.160207211466013
14 20 0.1662962 0.11105 0.159843583783763
14 21 0.1654286 0.107 0.160262751416327
15 0 0.247538 0.21 0.129443432271236
15 1 0.2406789 0.2267 0.13355933070965
15 2 0.2325897 0.2247 0.140562395935261
15 3 0.2253541 0.21435 0.145491040156966
15 4 0.2189825 0.20645 0.149418631740694
15 5 0.2167853 0.20515 0.150531423840584
15 6 0.2148285 0.1997 0.152125219079645
15 7 0.2123954 0.19735 0.153094496255168
15 8 0.2088366 0.1899 0.154743971505055
15 9 0.2072018 0.1896 0.156716881981036
15 10 0.2062296 0.18225 0.156786317876635
15 11 0.2048873 0.1862 0.157370058728127
15 12 0.2038505 0.18325 0.157712427060772
15 13 0.2021125 0.1828 0.158828143894724
15 14 0.1997259 0.17855 0.158522272852051
15 15 0.1981348 0.18145 0.157769348786057
15 16 0.1981556 0.18155 0.158304994930861
15 17 0.1980476 0.18285 0.15890930608936
15 18 0.1970406 0.18185 0.158795225227949
15 19 0.1972076 0.1795 0.158652739005142
15 20 0.1966106 0.18095 0.158769475447814
15 21 0.1983398 0.1797 0.159970159304252
16 0 0.247686 0.215 0.126402400969962
16 1 0.237516 0.22495 0.141101355970298
16 2 0.2216406 0.21615 0.152532139646913
16 3 0.2176098 0.2076 0.155197380876711
16 4 0.2158215 0.2044 0.156876209390789
16 5 0.2138689 0.20775 0.156878065293272
16 6 0.2112198 0.19895 0.159535943176217
16 7 0.2086017 0.1963 0.160751314247014
16 8 0.2062404 0.1939 0.161152438194947
16 9 0.2039739 0.19165 0.161015873317665
16 10 0.2014386 0.18285 0.162398842218761
16 11 0.2026817 0.1898 0.162160367290623
16 12 0.2008898 0.18 0.16201209348192
16 13 0.196632 0.17175 0.161113913890915
16 14 0.1940691 0.16125 0.161196733223698
16 15 0.1916483 0.165 0.16052868390249
16 16 0.189059 0.15615 0.161358112096477
16 17 0.1875143 0.15485 0.162141791979169
16 18 0.1869017 0.1546 0.162720190718846
16 19 0.1849287 0.1511 0.161710314984179
16 20 0.1850525 0.15175 0.161519519963003
16 21 0.183368 0.1482 0.160955996747213
17 0 0.253739 0.246 0.126057277918874
17 1 0.2513114 0.2427 0.132928690457654
17 2 0.2461072 0.23615 0.141044600135515
17 3 0.2428098 0.2289 0.143729913699452
17 4 0.2410311 0.23155 0.146460732242055
17 5 0.2376076 0.2286 0.148639368149908
17 6 0.2356348 0.22855 0.149404232515862
17 7 0.2321729 0.22455 0.150371416893666
17 8 0.2291701 0.21865 0.151568503678361
17 9 0.224818 0.2131 0.152450503482317
17 10 0.22027 0.2096 0.151743552171503
17 11 0.2198458 0.20725 0.151523781693762
17 12 0.2186642 0.2096 0.151404162488284
17 13 0.2180744 0.2087 0.151125990185506
17 14 0.2148538 0.21 0.150967070919661
17 15 0.207547 0.194 0.151005639743138
17 16 0.2050832 0.1911 0.153595046456766
17 17 0.2041459 0.19135 0.153696067563143
17 18 0.2037858 0.1906 0.154141036188931
17 19 0.2038182 0.1876 0.155279841505386
17 20 0.2028582 0.18985 0.155594817458616
17 21 0.2019435 0.18395 0.156232739035378
18 0 0.249774 0.224 0.131572444806016
18 1 0.242428 0.2292 0.137079544708821
18 2 0.2335179 0.21385 0.142982528768808
18 3 0.226703 0.20075 0.146828566017648
18 4 0.2202852 0.1925 0.147753601403444
18 5 0.2155749 0.19085 0.146412325878524
18 6 0.2138107 0.1908 0.147069228234201
18 7 0.2097951 0.19015 0.148243324670284
18 8 0.2061713 0.1859 0.148928530623059
18 9 0.2028166 0.19005 0.149191716904233
18 10 0.2000776 0.1844 0.150207863244307
18 11 0.1985571 0.18465 0.149805597848467
18 12 0.1992819 0.1838 0.151949829658092
18 13 0.1994482 0.18275 0.153386992167283
18 14 0.1987835 0.17955 0.15453251993502
18 15 0.1977699 0.18425 0.155076343057754
18 16 0.1986528 0.1849 0.1561706674428
18 17 0.1975991 0.18135 0.157154817826104
18 18 0.1972586 0.17955 0.157931186171717
18 19 0.1959564 0.1761 0.158182959473224
18 20 0.1952066 0.1743 0.158027381138933
18 21 0.1957118 0.1767 0.158590703106682
19 0 0.246009 0.248 0.125246483386164
19 1 0.2412802 0.2311 0.134399678427895
19 2 0.2365956 0.23125 0.139795117423662
19 3 0.232009 0.22125 0.1416434174846
19 4 0.229498 0.22095 0.143802223889603
19 5 0.2266307 0.2151 0.146378553922897
19 6 0.2249909 0.21625 0.146462984993353
19 7 0.2209297 0.21025 0.147025126545587
19 8 0.2172263 0.20755 0.145708794968736
19 9 0.2152104 0.2074 0.146728946890843
19 10 0.2108379 0.2017 0.146937205076951
19 11 0.2100251 0.2011 0.146728912603426
19 12 0.209247 0.1959 0.149557564623579
19 13 0.2072813 0.19345 0.151272813302174
19 14 0.2065705 0.1926 0.152103204451959
19 15 0.2048035 0.19085 0.151719784902566
19 16 0.2017773 0.19005 0.15144468358743
19 17 0.2012329 0.1868 0.15273987979067
19 18 0.200086 0.18645 0.153064244835452
19 19 0.199541 0.18565 0.153665102488245
19 20 0.1994739 0.1835 0.153942411618387
19 21 0.1977305 0.1861 0.154520068377157
20 0 0.255509 0.242 0.125339698256215
20 1 0.2475585 0.235 0.134776270354988
20 2 0.2295339 0.20365 0.143566511847694
20 3 0.2202878 0.2012 0.146028022908737
20 4 0.2134947 0.1917 0.145792885311037
20 5 0.2083964 0.18275 0.145447843167653
20 6 0.2050182 0.17995 0.145523670333686
20 7 0.2008697 0.17625 0.146181243830931
20 8 0.1987291 0.17185 0.146964373404714
20 9 0.1966836 0.16835 0.147657747922558
20 10 0.1927729 0.1644 0.147614890208954
20 11 0.1894234 0.16415 0.147668033034982
20 12 0.187564 0.1595 0.147750212958999
20 13 0.1827027 0.15735 0.146967721333032
20 14 0.178681 0.14155 0.148285800863528
20 15 0.1749254 0.14485 0.146731888770035
20 16 0.1709703 0.13945 0.145620712949601
20 17 0.1710883 0.13665 0.146349167718857
20 18 0.1727413 0.13945 0.146971637626369
20 19 0.1719722 0.1383 0.146319802048908
20 20 0.1720497 0.1363 0.147668224491373
20 21 0.1722314 0.1399 0.148482173441359
21 0 0.260325 0.257 0.128208794042647
21 1 0.2523466 0.2473 0.134277140269068
21 2 0.2483496 0.2457 0.138706212814399
21 3 0.2455752 0.24105 0.141477180200474
21 4 0.2429562 0.23675 0.144192624272029
21 5 0.2387967 0.22725 0.14617117414614
21 6 0.2350001 0.224 0.147735632286314
21 7 0.2299353 0.2246 0.148455174995326
21 8 0.2275313 0.218 0.14920872331544
21 9 0.2227096 0.21085 0.14923379896858
21 10 0.2175124 0.2025 0.149137432591687
21 11 0.2159642 0.20195 0.149732311955715
21 12 0.2147697 0.1983 0.151188172802986
21 13 0.2142578 0.19925 0.150621019418442
21 14 0.2128622 0.2008 0.149761462355196
21 15 0.2128508 0.19945 0.151064380667537
21 16 0.2109986 0.1944 0.152413982692403
21 17 0.2093915 0.19255 0.153365286387823
21 18 0.208559 0.1895 0.153567353011345
21 19 0.2072099 0.19005 0.153421262397836
21 20 0.2073911 0.1948 0.154168921404793
21 21 0.2073445 0.1944 0.154285170069756
22 0 0.259688 0.252 0.131762354160716
22 1 0.2546527 0.24875 0.133773203081083
22 2 0.249678 0.2381 0.137305581090495
22 3 0.2451671 0.234 0.138973447632045
22 4 0.2429885 0.2339 0.142501582161984
22 5 0.2397909 0.22955 0.143249868453699
22 6 0.2365605 0.2237 0.144288903098289
22 7 0.2344362 0.22795 0.146618858060957
22 8 0.2312422 0.2211 0.148576000980061
22 9 0.2271546 0.21805 0.149236034028959
22 10 0.221564 0.2078 0.149372138968082
22 11 0.2186247 0.20735 0.149555078420599
22 12 0.217104 0.2057 0.151516656051607
22 13 0.2163803 0.20015 0.153040773980042
22 14 0.2162633 0.20165 0.153441336499839
22 15 0.2156027 0.19665 0.15371434123533
22 16 0.2134551 0.1947 0.153856559479552
22 17 0.2115546 0.19115 0.154196945160197
22 18 0.2101653 0.19065 0.154690563501289
22 19 0.2089907 0.19185 0.154670641010829
22 20 0.2086342 0.19145 0.154359122467864
22 21 0.208568 0.1952 0.154295559870645
23 0 0.254356 0.244 0.130636553740418
23 1 0.2450863 0.23925 0.138914482310901
23 2 0.2398043 0.23705 0.144971145627585
23 3 0.2354959 0.2356 0.147772187547598
23 4 0.2312216 0.22535 0.149776453287556
23 5 0.2275968 0.2197 0.150882394555318
23 6 0.2216602 0.2148 0.150722729663436
23 7 0.2149388 0.2068 0.151835306351371
23 8 0.2103912 0.19675 0.152510132919761
23 9 0.2066882 0.18885 0.153268953715137
23 10 0.2019553 0.17975 0.154277196452539
23 11 0.2016587 0.18175 0.15471049104812
23 12 0.2010733 0.1828 0.154764786421932
23 13 0.2001142 0.18075 0.154620504263499
23 14 0.1976192 0.17995 0.154843825843208
23 15 0.1968745 0.1806 0.155836227847249
23 16 0.197192 0.1839 0.158419631408534
23 17 0.1969839 0.18155 0.158998283591286
23 18 0.1962116 0.17705 0.15922488187607
23 19 0.1952393 0.1767 0.15853419787985
23 20 0.194843 0.17705 0.158553189134703
23 21 0.1946826 0.17655 0.159100918852217
24 0 0.252583 0.249 0.128852178852338
24 1 0.246416 0.2358 0.135568374217913
24 2 0.2418777 0.23175 0.141323186617716
24 3 0.2379144 0.22795 0.145773395568243
24 4 0.23268 0.21925 0.147785397057976
24 5 0.2287539 0.21145 0.149753193634706
24 6 0.226082 0.21065 0.150898796094146
24 7 0.2221954 0.19865 0.150891624290817
24 8 0.218732 0.20215 0.152746559068633
24 9 0.2159283 0.19565 0.154696861920978
24 10 0.2116104 0.1907 0.155731913237591
24 11 0.2109557 0.19625 0.15625970236146
24 12 0.2103946 0.1923 0.15740184125502
24 13 0.2091312 0.1943 0.158480727811452
24 14 0.2068647 0.18695 0.159458472362927
24 15 0.2047823 0.1813 0.159856144779404
24 16 0.2036069 0.17595 0.160081292231518
24 17 0.2039426 0.1817 0.161474348769551
24 18 0.2041405 0.1811 0.162514838468592
24 19 0.2054645 0.183 0.16364725299608
24 20 0.2045364 0.18535 0.164021497086652
24 21 0.2035488 0.184 0.16325916106679
25 0 0.248607 0.2285 0.127965877548731
25 1 0.2373622 0.2312 0.136694968545245
25 2 0.227394 0.2301 0.147293979375806
25 3 0.2228994 0.2312 0.149369745666787
25 4 0.2198023 0.2228 0.151336328847832
25 5 0.2173089 0.2217 0.151975042043732
25 6 0.213817 0.2085 0.152068171159121
25 7 0.2108042 0.2084 0.15299679212572
25 8 0.2077637 0.2062 0.152645297992795
25 9 0.2065116 0.2059 0.153618507059375
25 10 0.2064408 0.19705 0.154944604894607
25 11 0.2023078 0.19635 0.153101812151405
25 12 0.2002924 0.19285 0.153247045123484
25 13 0.1966252 0.18505 0.152364244585099
25 14 0.1955679 0.1766 0.153312651495885
25 15 0.194292 0.1747 0.15412053638544
25 16 0.194623 0.17175 0.154657048509448
25 17 0.1924927 0.1684 0.153954616821811
25 18 0.1918952 0.17075 0.154410484471342
25 19 0.1894153 0.16215 0.153313760129204
25 20 0.1884511 0.1664 0.15285598140027
25 21 0.1880541 0.16495 0.153832790492211
26 0 0.250646 0.236 0.128246340329102
26 1 0.2469071 0.23105 0.134999697028504
26 2 0.2411852 0.2283 0.142450876280608
26 3 0.2361637 0.22355 0.146257732022914
26 4 0.2342856 0.2135 0.147465701455443
26 5 0.2305144 0.2158 0.147484070474352
26 6 0.2247984 0.20635 0.148359740057436
26 7 0.2210875 0.20705 0.149122959838185
26 8 0.2162641 0.20165 0.14993095728749
26 9 0.2126494 0.1942 0.150990702799782
26 10 0.2089636 0.19035 0.151299037782379
26 11 0.2091806 0.1904 0.15264919921723
26 12 0.2081129 0.18665 0.153132784253416
26 13 0.2066629 0.1827 0.152883507221578
26 14 0.2057829 0.1826 0.154796990493536
26 15 0.205019 0.1843 0.155626810746809
26 16 0.2032672 0.18475 0.155456484273454
26 17 0.2032969 0.18965 0.15621848096235
26 18 0.2027017 0.1898 0.155919727900797
26 19 0.2019868 0.18855 0.156238658097297
26 20 0.2005344 0.1831 0.156512471293218
26 21 0.2012295 0.1826 0.157627953902858
27 0 0.258811 0.25 0.132035861597324
27 1 0.2543602 0.24225 0.136397573490198
27 2 0.2486373 0.2414 0.142071589965712
27 3 0.2440597 0.23855 0.143406769740893
27 4 0.2393934 0.23235 0.145280169410915
27 5 0.2364058 0.2272 0.147922262970258
27 6 0.2320711 0.2214 0.147294587104144
27 7 0.2270974 0.21055 0.149609114094898
27 8 0.2232028 0.2047 0.150007907339661
27 9 0.2183046 0.202 0.152341238841923
27 10 0.2150498 0.19505 0.153610675604333
27 11 0.2129396 0.19675 0.15259888509282
27 12 0.2122533 0.19455 0.152312486167591
27 13 0.2124166 0.18965 0.153571134976394
27 14 0.2106065 0.1837 0.153585005849438
27 15 0.2098494 0.186 0.15467107674553
27 16 0.2076371 0.1888 0.15555870385142
27 17 0.2051591 0.1863 0.155890476096931
27 18 0.203656 0.18575 0.156794149729476
27 19 0.2049329 0.18325 0.157760619422689
27 20 0.2056185 0.1865 0.157664266111756
27 21 0.2048267 0.18365 0.157222289403874
28 0 0.264365 0.25 0.131908079799975
28 1 0.2500738 0.2387 0.141144295406104
28 2 0.2402243 0.22735 0.146264720722524
28 3 0.2331557 0.22265 0.147748948555681
28 4 0.2276154 0.21695 0.147644784822646
28 5 0.225327 0.21515 0.147816753595943
28 6 0.2227163 0.21485 0.148829714399371
28 7 0.2178882 0.2069 0.149407344047122
28 8 0.214559 0.2024 0.150302614331471
28 9 0.2111385 0.19695 0.151195931418234
28 10 0.2065066 0.18845 0.150909114759041
28 11 0.2015544 0.18295 0.152496822594904
28 12 0.1986065 0.17435 0.154688829207644
28 13 0.1950253 0.17115 0.155168146614032
28 14 0.1933329 0.1695 0.155338579309236
28 15 0.1926633 0.1662 0.156211920310702
28 16 0.1921003 0.16135 0.156745467594829
28 17 0.1919393 0.165 0.156719049467434
28 18 0.1915779 0.16635 0.156366531309305
28 19 0.1914806 0.1693 0.156077834986952
28 20 0.1911699 0.1619 0.156906574422766
28 21 0.1888633 0.1583 0.156013316540762
29 0 0.257662 0.25 0.128124063046453
29 1 0.2498679 0.24055 0.132776703425573
29 2 0.240609 0.2328 0.138876888318788
29 3 0.2353294 0.22435 0.142718431768312
29 4 0.2317677 0.2196 0.145822787904299
29 5 0.2281965 0.21245 0.148169799849151
29 6 0.2258596 0.2074 0.150192159024606
29 7 0.2217882 0.20215 0.151742351774586
29 8 0.2176117 0.19365 0.154072503937528
29 9 0.2138247 0.19385 0.154225494919592
29 10 0.2100994 0.19105 0.155402089397244
29 11 0.2095803 0.201 0.156418783903558
29 12 0.2096039 0.1967 0.158120345491807
29 13 0.2057957 0.19405 0.157450370118843
29 14 0.2049273 0.1907 0.158801925291182
29 15 0.2054441 0.18485 0.158648139785651
29 16 0.2047978 0.1894 0.1585993144301
29 17 0.2035092 0.18715 0.157710035542037
29 18 0.2025887 0.1866 0.158199640228663
29 19 0.20172 0.18705 0.157924386057732
29 20 0.2016865 0.18825 0.158342406529191
29 21 0.2018485 0.1888 0.158439257686112
30 0 0.254145 0.243 0.126720661697693
30 1 0.2531981 0.24795 0.133281420999228
30 2 0.2480008 0.24325 0.136004124500845
30 3 0.2432412 0.2406 0.136787902948152
30 4 0.2385395 0.23985 0.138976801881505
30 5 0.2343375 0.2317 0.142544855184217
30 6 0.2282245 0.22075 0.14457547128281
30 7 0.2232158 0.2106 0.146319714971529
30 8 0.219564 0.2099 0.146827745575797
30 9 0.2147747 0.1996 0.148192248354569
30 10 0.2091658 0.1977 0.147108987368293
30 11 0.2085717 0.1971 0.146551949844119
30 12 0.2096258 0.19745 0.148481866027131
30 13 0.208815 0.19725 0.148815376393877
30 14 0.2070297 0.19045 0.149248160529138
30 15 0.2066511 0.19235 0.150524666064682
30 16 0.2066788 0.1891 0.15199634561278
30 17 0.2068 0.1886 0.152752499311946
30 18 0.2065689 0.1948 0.152349651719881
30 19 0.2068491 0.19655 0.152595256189049
30 20 0.205301 0.1883 0.153642654052005
30 21 0.2047546 0.19025 0.15437698900281
31 0 0.252782 0.242 0.129884535139748
31 1 0.2444515 0.22795 0.137497695231389
31 2 0.2337841 0.224 0.143044736687107
31 3 0.2223903 0.2065 0.146155473309378
31 4 0.2112344 0.19145 0.148213915613283
31 5 0.2063367 0.1804 0.14747647328738
31 6 0.2030746 0.1804 0.148278726037943
31 7 0.1991385 0.1702 0.148553126453566
31 8 0.1954731 0.1752 0.147803987649708
31 9 0.1928041 0.16845 0.148177400419852
31 10 0.1895715 0.164 0.148939185101197
31 11 0.1863832 0.162 0.148765570925711
31 12 0.1823095 0.15705 0.148682480406165
31 13 0.1803337 0.1487 0.148794308427878
31 14 0.1808183 0.15235 0.150385189364812
31 15 0.1800383 0.1472 0.151101426545927
31 16 0.1792885 0.14465 0.151124700074881
31 17 0.1788928 0.14495 0.15196940339334
31 18 0.178712 0.1433 0.152653544212247
31 19 0.1795396 0.1484 0.152422828968074
31 20 0.178915 0.1422 0.153730362646419
31 21 0.1782932 0.14085 0.153562849160864
32 0 0.246287 0.22 0.123809941170055
32 1 0.2366389 0.2319 0.139518713469549
32 2 0.2262525 0.2252 0.149438999355183
32 3 0.2194203 0.209 0.154342490592553
32 4 0.2167003 0.2058 0.156850982721469
32 5 0.2122954 0.1957 0.15759043201636
32 6 0.209128 0.192 0.158837644131337
32 7 0.2023375 0.185 0.157474154238094
32 8 0.1981128 0.17415 0.156985943136647
32 9 0.1938416 0.16215 0.156373190874473
32 10 0.1901438 0.1586 0.156946616663253
32 11 0.1870655 0.149 0.156051523407199
32 12 0.1840226 0.14745 0.156779955299214
32 13 0.1834036 0.1493 0.157311276088603
32 14 0.1823709 0.14595 0.158481719698736
32 15 0.1812211 0.14195 0.159698213716542
32 16 0.1795804 0.14325 0.1591505461259
32 17 0.1786141 0.1356 0.159619538366136
32 18 0.1774045 0.1319 0.159727479092758
32 19 0.1771034 0.1306 0.160122097146004
32 20 0.1773656 0.1388 0.160366369133272
32 21 0.1760158 0.13675 0.160072904593954
33 0 0.258133 0.25 0.129281464286293
33 1 0.254985 0.2454 0.131927280963652
33 2 0.2503841 0.24425 0.135045730649127
33 3 0.2453609 0.2415 0.135377672144654
33 4 0.241216 0.2374 0.137464059781936
33 5 0.2367598 0.22955 0.140509652431377
33 6 0.2338473 0.22395 0.143254230888227
33 7 0.2285022 0.21905 0.145018596422902
33 8 0.2244241 0.2139 0.145189561808169
33 9 0.219392 0.2092 0.147414730603148
33 10 0.216929 0.2022 0.149019783232948
33 11 0.2126684 0.19915 0.150267020063482
33 12 0.2084886 0.19085 0.150363281177176
33 13 0.2071278 0.1845 0.151152221754433
33 14 0.207396 0.18935 0.151390691673978
33 15 0.2076261 0.18495 0.15266856421441
33 16 0.2076195 0.18495 0.153467554682057
33 17 0.207592 0.18555 0.15407556209482
33 18 0.208672 0.1875 0.153925122248642
33 19 0.2083248 0.19125 0.154306382838639
33 20 0.2073998 0.18815 0.153783529462338
33 21 0.2073209 0.18855 0.154299342838492
34 0 0.246592 0.233 0.125439948647617
34 1 0.2400341 0.22555 0.130452862124318
34 2 0.2314917 0.20985 0.136073899287031
34 3 0.2266452 0.20535 0.139567690018346
34 4 0.2236627 0.20525 0.140118521540833
34 5 0.2207442 0.19735 0.141556868831835
34 6 0.2179036 0.1941 0.142025218287703
34 7 0.2165495 0.1945 0.143969233727245
34 8 0.2143625 0.1932 0.145054304779572
34 9 0.2133879 0.18995 0.146597488270288
34 10 0.2129936 0.19025 0.147649152084091
34 11 0.2106712 0.1899 0.150110420320672
34 12 0.2064026 0.1791 0.150998391870866
34 13 0.202667 0.171 0.151198646030848
34 14 0.2004196 0.1756 0.152045140206784
34 15 0.1997175 0.1765 0.151569575508972
34 16 0.1978883 0.1746 0.152051915272541
34 17 0.1974107 0.17095 0.151498155522226
34 18 0.1985766 0.16845 0.153110870061439
34 19 0.1983134 0.1688 0.153404192467829
34 20 0.1975084 0.168 0.153114386276159
34 21 0.1967741 0.16745 0.15307058529735
35 0 0.252135 0.22 0.132022083779971
35 1 0.2426312 0.22525 0.138889868176343
35 2 0.2342731 0.21565 0.143934778795595
35 3 0.2313516 0.21135 0.147538123057043
35 4 0.2299951 0.21035 0.148378652340761
35 5 0.2282794 0.2054 0.149897080526575
35 6 0.2259177 0.2047 0.151835870163075
35 7 0.2232027 0.204 0.152985778394925
35 8 0.2196497 0.1989 0.154122692632507
35 9 0.2156451 0.19565 0.154693022231506
35 10 0.2116733 0.18385 0.154895395608426
35 11 0.2131818 0.18725 0.154511551115728
35 12 0.213598 0.1887 0.154730011608907
35 13 0.2143369 0.19145 0.1554402635868
35 14 0.2136962 0.19245 0.156048197508031
35 15 0.2125605 0.1882 0.156826148682739
35 16 0.2114289 0.18505 0.157555496982553
35 17 0.2120474 0.18545 0.158132410569473
35 18 0.2102134 0.1853 0.158245767410517
35 19 0.2085512 0.18405 0.158731561849833
35 20 0.2065242 0.17905 0.158832623086432
35 21 0.2048938 0.1765 0.158477072613372
36 0 0.245295 0.223 0.12960838826754
36 1 0.2423372 0.2315 0.135753106270251
36 2 0.2389525 0.228 0.139651948788947
36 3 0.2378534 0.2283 0.143920638890809
36 4 0.2368661 0.2253 0.146591113766918
36 5 0.2356328 0.22465 0.149349014567597
36 6 0.2333392 0.2238 0.149435077025461
36 7 0.2303737 0.2201 0.151044011969564
36 8 0.2272225 0.2213 0.15197773150901
36 9 0.2223577 0.21215 0.152614172757436
36 10 0.2186192 0.2031 0.154225917812426
36 11 0.216771 0.20165 0.153910647735907
36 12 0.2146738 0.20295 0.153126410887447
36 13 0.2135699 0.1975 0.153841460207802
36 14 0.2122518 0.19815 0.153192366382525
36 15 0.211815 0.19545 0.152809855660514
36 16 0.211882 0.1932 0.153607420249009
36 17 0.2107825 0.19 0.153285181967341
36 18 0.210009 0.19425 0.153309582894244
36 19 0.2084267 0.1896 0.153296830676324
36 20 0.2073151 0.1914 0.153106770736095
36 21 0.2063546 0.19185 0.153063235863525
37 0 0.247924 0.242 0.127683966963043
37 1 0.2403365 0.2285 0.134267145587199
37 2 0.2355926 0.2213 0.140864009436032
37 3 0.2321744 0.21295 0.144200362305818
37 4 0.2300377 0.2172 0.147512328080217
37 5 0.2281292 0.21855 0.149246660307603
37 6 0.2257135 0.2159 0.15194254040042
37 7 0.2234257 0.2102 0.155516011971403
37 8 0.2199565 0.20865 0.155202761944062
37 9 0.2176125 0.198 0.156139739118143
37 10 0.2155013 0.20275 0.156592579083857
37 11 0.2130923 0.1942 0.156909203008296
37 12 0.2112562 0.2005 0.156486541911307
37 13 0.2094947 0.19665 0.156397815453377
37 14 0.2093024 0.1968 0.156554974287674
37 15 0.20811 0.19065 0.15637920173327
37 16 0.20764 0.19595 0.156070907629219
37 17 0.2061386 0.1926 0.15587507083478
37 18 0.2058661 0.1975 0.155779921057223
37 19 0.2048655 0.195 0.155242905859075
37 20 0.2050072 0.19365 0.155465593811039
37 21 0.2049216 0.1954 0.156102491207544
38 0 0.247092 0.229 0.126580235787788
38 1 0.2403281 0.2285 0.133583026711538
38 2 0.2356329 0.2246 0.138760643352983
38 3 0.2324097 0.22425 0.141233176364536
38 4 0.2309833 0.2243 0.143059750255805
38 5 0.2294443 0.21855 0.144723339626138
38 6 0.2257074 0.213 0.145243509811566
38 7 0.2223015 0.2091 0.145984533741907
38 8 0.2197119 0.20225 0.147751309563969
38 9 0.2154548 0.1881 0.150188340341501
38 10 0.2125411 0.18615 0.152093645751122
38 11 0.2078505 0.1765 0.152405635714522
38 12 0.204471 0.17425 0.153165066632821
38 13 0.2033647 0.1728 0.153475413361282
38 14 0.2031658 0.17525 0.15406585428906
38 15 0.2025681 0.17455 0.15435059195749
38 16 0.2017439 0.1792 0.154979357025037
38 17 0.2007138 0.1775 0.15514680086737
38 18 0.2000969 0.17415 0.154947291242711
38 19 0.1988992 0.1767 0.155086408990645
38 20 0.1992476 0.1749 0.155491826545199
38 21 0.1992435 0.1746 0.156588146439491
39 0 0.249637 0.244 0.127395560597141
39 1 0.2407615 0.2225 0.140072949776211
39 2 0.2310573 0.22095 0.148847440109453
39 3 0.2256962 0.21285 0.150741047724331
39 4 0.2192762 0.20745 0.15164966031295
39 5 0.2149462 0.19875 0.150934564524924
39 6 0.2108192 0.195 0.150758385379129
39 7 0.206028 0.18705 0.150990082724267
39 8 0.203894 0.1854 0.151715769842224
39 9 0.2019491 0.18685 0.151483348140824
39 10 0.2007137 0.18245 0.152015521579578
39 11 0.1981828 0.1783 0.152860542160197
39 12 0.195709 0.17555 0.152750127464564
39 13 0.1942087 0.1664 0.152600072596531
39 14 0.1933135 0.16505 0.152359048722015
39 15 0.1919951 0.16385 0.151947048314475
39 16 0.191813 0.16565 0.151994805410816
39 17 0.1927623 0.1665 0.152838170543504
39 18 0.1933338 0.16335 0.154120971874471
39 19 0.1916416 0.16335 0.153773774171876
39 20 0.1893483 0.1622 0.1531725120103
39 21 0.1891165 0.158 0.153279240157346
40 0 0.244157 0.2145 0.126293968650595
40 1 0.2370974 0.22085 0.13270606418967
40 2 0.2325422 0.21725 0.136566081270987
40 3 0.2309487 0.2175 0.138289511704096
40 4 0.228818 0.2162 0.139240913484464
40 5 0.2263444 0.2162 0.140164662384002
40 6 0.223049 0.21485 0.141866715701831
40 7 0.2212074 0.20825 0.145226035843187
40 8 0.2188127 0.207 0.146193470372276
40 9 0.2155414 0.19685 0.148702439662574
40 10 0.2120007 0.1888 0.151138266912239
40 11 0.2097664 0.1904 0.152872514261579
40 12 0.2061235 0.1823 0.15355628834874
40 13 0.2041221 0.1831 0.152845584477551
40 14 0.2029903 0.18105 0.153608062525321
40 15 0.2030284 0.18045 0.154784070957131
40 16 0.2005776 0.1767 0.154874720394444
40 17 0.1981521 0.1747 0.153719098738273
40 18 0.1972627 0.167 0.153571247461095
40 19 0.1969201 0.1707 0.153424047934066
40 20 0.1964783 0.168 0.153446611502802
40 21 0.196062 0.1728 0.153022387928065
41 0 0.252703 0.249 0.128199344237258
41 1 0.2464427 0.2287 0.135629419692765
41 2 0.2386343 0.2271 0.141504670471597
41 3 0.2337038 0.2216 0.14386501474656
41 4 0.229705 0.21825 0.145194032460229
41 5 0.2269022 0.2123 0.146543372334388
41 6 0.2237848 0.21115 0.147219270078487
41 7 0.2196026 0.205 0.147957164394752
41 8 0.215271 0.20265 0.146855873858306
41 9 0.2124489 0.19385 0.148457929648994
41 10 0.2094508 0.1921 0.150577842812633
41 11 0.208643 0.1912 0.150342131312043
41 12 0.2083802 0.19265 0.151290140705317
41 13 0.2085277 0.19375 0.151981996137239
41 14 0.2083432 0.18925 0.153341100122396
41 15 0.2074913 0.1937 0.154037317782346
41 16 0.2069974 0.1963 0.154610916071953
41 17 0.2080096 0.19625 0.155500515555988
41 18 0.206154 0.196 0.154906914487883
41 19 0.2056322 0.199 0.155186498550913
41 20 0.2049148 0.193 0.155046552991528
41 21 0.2055128 0.1928 0.156112665406944
42 0 0.247903 0.248 0.12984131221363
42 1 0.2367188 0.2175 0.138304910595593
42 2 0.2231331 0.2038 0.146124561528416
42 3 0.2126505 0.18525 0.148152950211619
42 4 0.2094394 0.1837 0.149076994462318
42 5 0.2059829 0.18145 0.149659360956513
42 6 0.2043736 0.1803 0.149527399717598
42 7 0.1992563 0.1732 0.149411338218685
42 8 0.1958146 0.1705 0.149371958442034
42 9 0.1922465 0.1647 0.150424234077983
42 10 0.1876402 0.154 0.151216843829706
42 11 0.1847834 0.15 0.152875269918298
42 12 0.1826302 0.1437 0.15338786700944
42 13 0.182307 0.14475 0.153926220353494
42 14 0.181363 0.13945 0.155186881337113
42 15 0.1787961 0.13855 0.154955530237359
42 16 0.1779313 0.13745 0.154662753362235
42 17 0.1777556 0.13885 0.154689916539246
42 18 0.1779187 0.1418 0.155588952121712
42 19 0.1780788 0.1392 0.155180778141059
42 20 0.1769156 0.13365 0.155101811170819
42 21 0.1764192 0.1321 0.155269333731286
43 0 0.252239 0.2435 0.127107852964659
43 1 0.2432065 0.2338 0.135261800973344
43 2 0.2389076 0.236 0.14114260347874
43 3 0.2347376 0.2236 0.144782853200304
43 4 0.2315267 0.2221 0.147268940778523
43 5 0.2265054 0.21615 0.148807164488283
43 6 0.2225206 0.2186 0.150739342193486
43 7 0.2189887 0.20695 0.152811133772755
43 8 0.2138249 0.19975 0.154111322587731
43 9 0.2106665 0.18915 0.155817566280929
43 10 0.2048363 0.18065 0.154948650063389
43 11 0.2051789 0.1794 0.156211605876774
43 12 0.2041424 0.1831 0.156224537407951
43 13 0.2028624 0.18115 0.156812266271147
43 14 0.199127 0.17765 0.154399446696354
43 15 0.1967292 0.17455 0.155336118649582
43 16 0.1967443 0.17775 0.155618023495824
43 17 0.1968957 0.17435 0.155938685531061
43 18 0.1973118 0.17425 0.156531453889679
43 19 0.1967723 0.1738 0.156017830859989
43 20 0.1963283 0.1775 0.155724464866854
43 21 0.1960346 0.17515 0.156176845562746
44 0 0.251985 0.2395 0.127428814943395
44 1 0.2458332 0.2283 0.136427771639922
44 2 0.2395564 0.22485 0.142418155127603
44 3 0.2352161 0.22365 0.144791104058932
44 4 0.2326676 0.22095 0.145023439927373
44 5 0.2299265 0.2136 0.146155769563595
44 6 0.2284148 0.2189 0.147638167658331
44 7 0.2278807 0.2162 0.148541111882971
44 8 0.2265316 0.21535 0.150861584703261
44 9 0.2240262 0.21185 0.151824545796344
44 10 0.220332 0.20875 0.152712324617531
44 11 0.2176707 0.19685 0.153708181749205
44 12 0.2154594 0.1987 0.154367584235495
44 13 0.2148427 0.1968 0.155986411675304
44 14 0.210969 0.1967 0.154814620387371
44 15 0.2060279 0.18485 0.15506628997263
44 16 0.2025567 0.18175 0.156061691092134
44 17 0.2003673 0.1739 0.15784710079041
44 18 0.2003258 0.17255 0.158239948355703
44 19 0.1978485 0.16825 0.157505874678719
44 20 0.1947014 0.1675 0.158126598265817
44 21 0.1924936 0.164 0.15800881863303
45 0 0.25555 0.244 0.128967383807248
45 1 0.2403723 0.23 0.137366316495776
45 2 0.2268479 0.21265 0.14606094877258
45 3 0.218792 0.20135 0.150700269831634
45 4 0.214327 0.19635 0.152432231552963
45 5 0.2103837 0.18685 0.153140876556138
45 6 0.2055272 0.18695 0.150853576894357
45 7 0.2015851 0.1807 0.151438987036974
45 8 0.1982939 0.1705 0.153612968061771
45 9 0.1936376 0.16145 0.153747034627979
45 10 0.1900789 0.155 0.152498392005799
45 11 0.1900248 0.164 0.151349636991892
45 12 0.1901479 0.16075 0.15195645883269
45 13 0.1884738 0.1541 0.152879674936103
45 14 0.1876798 0.15165 0.154541664019377
45 15 0.1852089 0.1521 0.153638891364556
45 16 0.1845778 0.1495 0.154449014322479
45 17 0.1832012 0.14905 0.15429262805991
45 18 0.1829021 0.15055 0.153843365299374
45 19 0.1814945 0.15155 0.153115745929024
45 20 0.1816254 0.15665 0.153372690649532
45 21 0.1817215 0.15355 0.154197678555229
46 0 0.24414 0.233 0.127041772704934
46 1 0.2341552 0.21805 0.138438512180009
46 2 0.2244007 0.219 0.144627481406156
46 3 0.2164346 0.20545 0.147998966404826
46 4 0.2120467 0.1973 0.149035514269665
46 5 0.2087213 0.1949 0.1499718766973
46 6 0.2066011 0.19105 0.151858530620154
46 7 0.2040374 0.18245 0.152564094806951
46 8 0.2009489 0.17825 0.152712841145205
46 9 0.1971408 0.17375 0.152378203402692
46 10 0.1943072 0.1675 0.152507457301906
46 11 0.1942188 0.16635 0.151974524057562
46 12 0.1944636 0.16695 0.152429219449494
46 13 0.19199 0.1667 0.152247212301748
46 14 0.1913919 0.1692 0.152238969150865
46 15 0.1903113 0.16605 0.152893073990892
46 16 0.1895948 0.16775 0.153366281852855
46 17 0.1886918 0.16635 0.153123872381327
46 18 0.1884451 0.1663 0.153364846206822
46 19 0.1891477 0.17015 0.154358236773973
46 20 0.1888925 0.1665 0.155061051729677
46 21 0.1880672 0.162 0.155896711539496
47 0 0.238981 0.212 0.127575138859635
47 1 0.2274536 0.2038 0.135403993768901
47 2 0.2177281 0.1929 0.142499324973868
47 3 0.2112939 0.1856 0.145582582822298
47 4 0.2089811 0.18125 0.147065023489353
47 5 0.208006 0.183 0.14842613436104
47 6 0.2052138 0.18245 0.14976285394577
47 7 0.2004443 0.1738 0.150572592370202
47 8 0.1965565 0.1671 0.151324777766617
47 9 0.1924724 0.16725 0.151810393958892
47 10 0.1889419 0.1583 0.152633577968655
47 11 0.189416 0.16145 0.15296441912261
47 12 0.1876221 0.15955 0.152616656907284
47 13 0.1855515 0.15855 0.153219565895231
47 14 0.1850365 0.15555 0.154813449421786
47 15 0.1846572 0.1526 0.155488035544081
47 16 0.1828696 0.1497 0.155642316439028
47 17 0.1824797 0.14655 0.155095721865082
47 18 0.1824464 0.1463 0.155087921936463
47 19 0.181327 0.14555 0.154837898544981
47 20 0.1815261 0.14665 0.156235667414847
47 21 0.1819682 0.1475 0.157132623889026
48 0 0.247439 0.228 0.128903127562117
48 1 0.2459885 0.23395 0.138236633439094
48 2 0.2396464 0.2307 0.145539002361045
48 3 0.2322408 0.2172 0.150831840934199
48 4 0.2258577 0.20405 0.151491059940684
48 5 0.2234405 0.20775 0.15179720498478
48 6 0.2187249 0.20125 0.151017315495838
48 7 0.2144816 0.2018 0.149685388521983
48 8 0.2111393 0.1968 0.149377794571419
48 9 0.2066482 0.18695 0.149958422321606
48 10 0.2042904 0.1847 0.15026382240634
48 11 0.2047824 0.18825 0.150176971646964
48 12 0.2030009 0.1841 0.151088228005467
48 13 0.2014302 0.1804 0.151637168196781
48 14 0.1979585 0.18095 0.151069465581835
48 15 0.1943657 0.178 0.150443795448995
48 16 0.1931599 0.16825 0.150802262796201
48 17 0.1923757 0.16905 0.151567760904671
48 18 0.1920258 0.1629 0.152300678892614
48 19 0.1920777 0.16825 0.151940837271422
48 20 0.190801 0.1669 0.151937507038404
48 21 0.1891146 0.1676 0.151689341824873
49 0 0.246935 0.237 0.126308616656353
49 1 0.2371865 0.2228 0.134118229511268
49 2 0.2258196 0.2163 0.145964901288797
49 3 0.2167699 0.2023 0.151809061109754
49 4 0.2108268 0.1927 0.151491000607379
49 5 0.2078531 0.1905 0.151556677308612
49 6 0.2061579 0.1861 0.151564559225444
49 7 0.20382 0.1777 0.152821458696867
49 8 0.2013866 0.1753 0.153968491051503
49 9 0.1996686 0.17335 0.155674768757393
49 10 0.198531 0.16575 0.15623014176591
49 11 0.1984746 0.16905 0.155415542870737
49 12 0.1978662 0.16955 0.15640334530944
49 13 0.1950985 0.16795 0.156800747198705
49 14 0.1945218 0.1693 0.156908568738943
49 15 0.1936317 0.16825 0.156818587145735
49 16 0.1915276 0.1744 0.156265714255212
49 17 0.190181 0.17045 0.156716115252324
49 18 0.1895218 0.17005 0.15627781000084
49 19 0.1880306 0.16875 0.155424341689549
49 20 0.1868917 0.1631 0.154747753289856
49 21 0.1874192 0.16305 0.155702767551457
50 0 0.251941 0.236 0.130044111708258
50 1 0.2434608 0.2255 0.136778892263129
50 2 0.2381579 0.22405 0.141787649939144
50 3 0.2331821 0.2232 0.144212557814573
50 4 0.2253702 0.21545 0.145847900917916
50 5 0.2200831 0.2085 0.146318697662587
50 6 0.2153451 0.2002 0.147250677275006
50 7 0.2104826 0.1911 0.148104313052608
50 8 0.2073726 0.18555 0.148994833970141
50 9 0.2031866 0.17825 0.149733519585053
50 10 0.1999594 0.1712 0.150266505563729
50 11 0.1989594 0.1689 0.151161282625562
50 12 0.1966718 0.1653 0.153124116911543
50 13 0.194349 0.15925 0.154797845695707
50 14 0.1938398 0.1601 0.155833871836554
50 15 0.1922143 0.1605 0.155385767888737
50 16 0.1906568 0.15845 0.155949420247192
50 17 0.1899157 0.15885 0.155399400246935
50 18 0.1887543 0.1526 0.156066485413683
50 19 0.1883551 0.15885 0.156416832980436
50 20 0.1880737 0.15435 0.156594613672825
50 21 0.1870054 0.15215 0.15666876208055
51 0 0.250556 0.22 0.128272470509812
51 1 0.2443331 0.23505 0.13385825662714
51 2 0.2385601 0.22465 0.138349751469678
51 3 0.233126 0.22315 0.141878773290124
51 4 0.2277351 0.21795 0.144143803661913
51 5 0.2244418 0.2128 0.145686206909383
51 6 0.2193338 0.20775 0.147001586059008
51 7 0.2135133 0.1957 0.147364603414285
51 8 0.2090838 0.1922 0.149051128598533
51 9 0.2075047 0.19065 0.149677862726926
51 10 0.205149 0.18705 0.150309660744455
51 11 0.2044463 0.18495 0.151152951546012
51 12 0.2021072 0.1853 0.153526897566636
51 13 0.1980552 0.1817 0.153002968079711
51 14 0.1962706 0.1794 0.153355174823953
51 15 0.1954749 0.1735 0.155275458550339
51 16 0.1950504 0.1725 0.156654695727685
51 17 0.1930293 0.16665 0.157094858114312
51 18 0.1930228 0.1681 0.157608301738636
51 19 0.1932856 0.17265 0.156704290775292
51 20 0.1933784 0.1758 0.157341616038407
51 21 0.1938204 0.1721 0.158147685706539
52 0 0.252895 0.243 0.126676291617089
52 1 0.2491256 0.24495 0.135485578888407
52 2 0.2403941 0.23985 0.143937287378524
52 3 0.2338617 0.2258 0.148120328364424
52 4 0.2303414 0.22585 0.149440051710026
52 5 0.2257077 0.21905 0.15091593020188
52 6 0.2227711 0.21865 0.151282980189064
52 7 0.2201317 0.2166 0.150666030869496
52 8 0.2157639 0.2107 0.15238013897337
52 9 0.2119339 0.2036 0.153761415034929
52 10 0.2081255 0.19695 0.154254918948375
52 11 0.2130236 0.2082 0.15473723991482
52 12 0.210917 0.19855 0.154022860941786
52 13 0.2069643 0.1911 0.155311683316113
52 14 0.2064139 0.1975 0.156379210172466
52 15 0.2052113 0.19525 0.156709466207722
52 16 0.2054426 0.19855 0.156091865757943
52 17 0.2052651 0.2006 0.156534673462419
52 18 0.205252 0.1953 0.157178602070857
52 19 0.2058145 0.1915 0.157963897054113
52 20 0.2047038 0.18555 0.15901527852494
52 21 0.2067734 0.18905 0.160359578344441
53 0 0.249881 0.249 0.129552540305853
53 1 0.246277 0.22815 0.133757602951561
53 2 0.244387 0.23155 0.138588303578942
53 3 0.242872 0.2332 0.139426000680166
53 4 0.2404007 0.23 0.140549739874853
53 5 0.2385668 0.2287 0.141183253429041
53 6 0.2346436 0.22015 0.142005961325897
53 7 0.2324757 0.2224 0.143790833237843
53 8 0.2278993 0.218 0.143580492572485
53 9 0.2254781 0.2153 0.144785143810607
53 10 0.2224615 0.207 0.145708343031478
53 11 0.2198075 0.2019 0.147520001099764
53 12 0.2152764 0.198 0.14785604767433
53 13 0.2111867 0.19525 0.148898093592179
53 14 0.2081495 0.19275 0.14807884975747
53 15 0.2074131 0.19385 0.148063766727067
53 16 0.2071744 0.19325 0.147935689246351
53 17 0.2073286 0.19665 0.14798877538408
53 18 0.2070409 0.1964 0.147754552298448
53 19 0.2063449 0.1969 0.147607578976695
53 20 0.2056125 0.1948 0.147421837160652
53 21 0.204755 0.19525 0.146994833637499
54 0 0.249967 0.242 0.128165987810462
54 1 0.245592 0.24315 0.136755870675317
54 2 0.2367774 0.2357 0.143327401404035
54 3 0.2318284 0.23435 0.146787307922747
54 4 0.2302983 0.234 0.148265040212652
54 5 0.2274211 0.2253 0.14986295295856
54 6 0.2254726 0.21845 0.15072958826328
54 7 0.2212013 0.20825 0.151712003943163
54 8 0.2189623 0.19985 0.153252352191287
54 9 0.2146408 0.1953 0.1539081001073
54 10 0.2115658 0.1909 0.154727263002602
54 11 0.2123301 0.19055 0.154100558162571
54 12 0.2122886 0.1892 0.15573307208098
54 13 0.2110117 0.18865 0.15558093089826
54 14 0.210323 0.19275 0.155788412664487
54 15 0.2090447 0.18415 0.155710098537945
54 16 0.2086553 0.18985 0.155837298216523
54 17 0.2069947 0.18565 0.155086861973111
54 18 0.2066669 0.1883 0.155651770783818
54 19 0.2061354 0.18525 0.156404488397331
54 20 0.2055552 0.18465 0.156460489702026
54 21 0.2054153 0.18855 0.156779542992736
55 0 0.247976 0.2325 0.128729836459132
55 1 0.2369202 0.2259 0.136566123977281
55 2 0.2252528 0.21695 0.14288989535427
55 3 0.21945 0.21015 0.144309049479794
55 4 0.2137333 0.20415 0.145893406729836
55 5 0.2093402 0.19005 0.146556175566083
55 6 0.2075211 0.189 0.146722430924949
55 7 0.2039488 0.1872 0.146624090252599
55 8 0.2000297 0.18225 0.146938728788322
55 9 0.1966671 0.17825 0.14705656966716
55 10 0.1935548 0.16985 0.146620660737548
55 11 0.1919544 0.1661 0.147013644238323
55 12 0.1897206 0.1637 0.147659170884799
55 13 0.1884534 0.1577 0.148328227224057
55 14 0.1865926 0.16075 0.148240315624382
55 15 0.185195 0.15695 0.148001167429722
55 16 0.184011 0.15805 0.148090651224107
55 17 0.1834666 0.1526 0.147925068363311
55 18 0.1827929 0.15545 0.148627763933263
55 19 0.1834784 0.15515 0.149336541127602
55 20 0.1837926 0.1503 0.149963873211212
55 21 0.1836676 0.152 0.149781964625809
56 0 0.2523 0.2345 0.129304778433458
56 1 0.2389464 0.2251 0.1391252117036
56 2 0.2232369 0.2012 0.143030219716472
56 3 0.2144175 0.193 0.144268814074506
56 4 0.2105277 0.1818 0.146347237817209
56 5 0.2090361 0.18015 0.147926244394193
56 6 0.2067545 0.18125 0.147762514598495
56 7 0.2030099 0.174 0.147554430031131
56 8 0.2022654 0.176 0.148444399836042
56 9 0.1996806 0.17455 0.149873811464855
56 10 0.1978645 0.17585 0.149197299385391
56 11 0.1953656 0.17095 0.148507699508993
56 12 0.1930729 0.1679 0.148395816902176
56 13 0.1920092 0.16675 0.149615507202146
56 14 0.1911863 0.1625 0.150816835333891
56 15 0.1910326 0.16245 0.150685022391787
56 16 0.1902011 0.16335 0.150568799597401
56 17 0.1915453 0.1681 0.152073542406989
56 18 0.1910809 0.17075 0.152412589580561
56 19 0.1894134 0.167 0.151597473905519
56 20 0.1890901 0.1696 0.152198072541262
56 21 0.1890693 0.16505 0.153580437029422
57 0 0.251033 0.233 0.129905447677672
57 1 0.2409205 0.22985 0.135962657350995
57 2 0.2326923 0.2233 0.142616365184113
57 3 0.2244991 0.22 0.147555315323679
57 4 0.2200218 0.2182 0.148234587791709
57 5 0.216612 0.20805 0.150166136344066
57 6 0.2126629 0.1974 0.152041968659393
57 7 0.2111286 0.1933 0.15211120853442
57 8 0.2070159 0.1891 0.152527350957066
57 9 0.2046667 0.1772 0.153678959925664
57 10 0.201779 0.1769 0.153809198777669
57 11 0.2004791 0.174 0.155168214489882
57 12 0.2000508 0.1768 0.15560064601537
57 13 0.1976334 0.17105 0.15566733666426
57 14 0.197146 0.1753 0.156356336961788
57 15 0.1963903 0.17205 0.156370070201317
57 16 0.19692 0.1711 0.157794363083797
57 17 0.1973643 0.1761 0.157344305604035
57 18 0.1965182 0.17175 0.156937243339837
57 19 0.1957993 0.1712 0.156768185846503
57 20 0.1941183 0.17165 0.156444422247526
57 21 0.1945383 0.1683 0.157439180888332
58 0 0.256571 0.245 0.129791219732768
58 1 0.2431595 0.23695 0.136120787679871
58 2 0.2213883 0.215 0.145347020228828
58 3 0.2103945 0.19995 0.148089658608347
58 4 0.2043857 0.1998 0.150103345131712
58 5 0.1988278 0.189 0.149738754040568
58 6 0.1984824 0.18935 0.152163795269541
58 7 0.1959219 0.17995 0.153073623412313
58 8 0.1931157 0.17575 0.154513871092112
58 9 0.1914142 0.1722 0.156836701601791
58 10 0.1883122 0.16425 0.157253062790258
58 11 0.18587 0.1573 0.155631754417224
58 12 0.1844719 0.1574 0.155387303904163
58 13 0.1810431 0.1535 0.155148178428429
58 14 0.1780028 0.14715 0.15478783209647
58 15 0.1758833 0.14865 0.156564028263379
58 16 0.1739792 0.1446 0.156181105339362
58 17 0.172341 0.1437 0.155816966746648
58 18 0.1711071 0.1458 0.155397639641006
58 19 0.1706866 0.13725 0.155641893137225
58 20 0.1700221 0.13845 0.155349444000747
58 21 0.1696219 0.1379 0.155282847259583
59 0 0.24899 0.2455 0.125433685704876
59 1 0.243297 0.22295 0.137888938535222
59 2 0.2392768 0.2207 0.143405598242772
59 3 0.2356106 0.21855 0.147076262852762
59 4 0.2329907 0.2151 0.149108303422914
59 5 0.2304628 0.2119 0.150105550305085
59 6 0.227665 0.20965 0.150946445749757
59 7 0.2246684 0.2095 0.150869873799444
59 8 0.2211348 0.21155 0.15130318384754
59 9 0.2186814 0.20545 0.152199462648429
59 10 0.2156412 0.2071 0.153326458595591
59 11 0.2141086 0.19875 0.153007662784943
59 12 0.2107857 0.1955 0.152059348054767
59 13 0.2086334 0.196 0.151392905634037
59 14 0.206486 0.19265 0.152575174218442
59 15 0.2047556 0.1865 0.153338157805809
59 16 0.2043333 0.18985 0.154653624997395
59 17 0.203755 0.1891 0.154986305491453
59 18 0.2023397 0.1878 0.154951371473219
59 19 0.2027176 0.184 0.155301481256041
59 20 0.2018274 0.18795 0.155444432646785
59 21 0.2003828 0.18455 0.15511654123763
60 0 0.254505 0.243 0.128167393887275
60 1 0.2367874 0.21735 0.140023935252812
60 2 0.2044109 0.17155 0.139355706176798
60 3 0.1894909 0.1622 0.134820416673225
60 4 0.1798487 0.15295 0.134271192038059
60 5 0.1777189 0.1436 0.136770984477648
60 6 0.1760411 0.13935 0.139682590134837
60 7 0.1728553 0.1321 0.14231439484075
60 8 0.1717976 0.1298 0.144004631064449
60 9 0.1707346 0.12905 0.144952108216875
60 10 0.1695035 0.1284 0.145937465448635
60 11 0.1694642 0.13395 0.145008487751165
60 12 0.1694244 0.1343 0.146819349494629
60 13 0.168787 0.13395 0.147453274426644
60 14 0.1683929 0.13145 0.149397267924327
60 15 0.1667806 0.1297 0.149367197615016
60 16 0.1655231 0.12555 0.1495992157792
60 17 0.1657511 0.12725 0.150895360858837
60 18 0.1664567 0.12875 0.151258256817158
60 19 0.1650878 0.12805 0.150606756841671
60 20 0.1651293 0.1316 0.150517136299592
60 21 0.1650693 0.12915 0.15060544195565
61 0 0.250882 0.234 0.129809539682539
61 1 0.2369962 0.21685 0.140608648445171
61 2 0.217724 0.1841 0.143523023596572
61 3 0.2087924 0.16975 0.143243152027742
61 4 0.2032306 0.17055 0.143094738505047
61 5 0.1980991 0.1669 0.142281791658059
61 6 0.1927734 0.1611 0.141407887060669
61 7 0.1905296 0.16195 0.143347262204136
61 8 0.1866583 0.15535 0.144587525754173
61 9 0.1859322 0.1561 0.147212983753967
61 10 0.1833932 0.1507 0.147799300969684
61 11 0.1832682 0.1413 0.149983836262112
61 12 0.181318 0.1439 0.151019088001951
61 13 0.1811267 0.14835 0.150667046483317
61 14 0.1794311 0.1443 0.150740534268197
61 15 0.1776002 0.14665 0.150429801585873
61 16 0.1767071 0.14465 0.150075469635035
61 17 0.1762475 0.14435 0.151005858704598
61 18 0.1749293 0.13915 0.150817246538197
61 19 0.1755536 0.1379 0.151439032311843
61 20 0.1743767 0.13685 0.151356195264531
61 21 0.1735199 0.1362 0.151177450883542
62 0 0.258228 0.2515 0.12845178035308
62 1 0.2472999 0.24045 0.137108195332071
62 2 0.2349664 0.225 0.142837919483176
62 3 0.2263594 0.2149 0.146651458778977
62 4 0.2249472 0.21215 0.14745297254132
62 5 0.2220542 0.20715 0.149663075200393
62 6 0.2191631 0.2113 0.151261415450849
62 7 0.2159319 0.2018 0.151366131740982
62 8 0.2120569 0.19875 0.152242578982508
62 9 0.2083835 0.1883 0.153579465326325
62 10 0.206629 0.18085 0.15586294985704
62 11 0.2046691 0.1863 0.154053457289646
62 12 0.2031628 0.18485 0.154604037219228
62 13 0.2029393 0.18175 0.155403431661216
62 14 0.2025603 0.1838 0.155060225420375
62 15 0.2009139 0.1788 0.155610988739891
62 16 0.2012167 0.18075 0.156935960719259
62 17 0.2003095 0.17855 0.157311357386913
62 18 0.1994301 0.1759 0.157092906412846
62 19 0.1994297 0.1758 0.157497642952031
62 20 0.1980729 0.17075 0.156918738734914
62 21 0.199201 0.1754 0.158331178107664
63 0 0.254482 0.243 0.128796180580529
63 1 0.2476326 0.24185 0.136591231789752
63 2 0.2354615 0.22875 0.14601044064219
63 3 0.2284497 0.2179 0.148802016855048
63 4 0.2236294 0.2079 0.149683148686285
63 5 0.2199693 0.2051 0.150279367698516
63 6 0.2169807 0.19955 0.150522761332594
63 7 0.2138974 0.1906 0.150936045340479
63 8 0.2106364 0.19125 0.150943339259163
63 9 0.2097408 0.18485 0.152506705395371
63 10 0.2067644 0.1809 0.153646452106402
63 11 0.2050585 0.1806 0.154585916089414
63 12 0.2043072 0.1776 0.155220031524112
63 13 0.2015135 0.16865 0.155637399515277
63 14 0.1995368 0.1692 0.155494028498392
63 15 0.1978214 0.1687 0.154709772981205
63 16 0.1968871 0.16795 0.154033205225048
63 17 0.1964164 0.16865 0.153805061190742
63 18 0.1955995 0.17035 0.153603242563026
63 19 0.1946789 0.1726 0.1533141201071
63 20 0.1940301 0.1636 0.154856295306927
63 21 0.1944087 0.1676 0.155210141815644
64 0 0.260548 0.25 0.132302772910169
64 1 0.257163 0.2501 0.140887881118448
64 2 0.2490029 0.24515 0.146537256727425
64 3 0.2414302 0.23485 0.149651272066733
64 4 0.2367584 0.227 0.150369348573539
64 5 0.2318035 0.2195 0.149972684592475
64 6 0.227632 0.2212 0.149970182408409
64 7 0.2252207 0.21625 0.151751528453251
64 8 0.2197213 0.19855 0.152571735622365
64 9 0.2161761 0.19635 0.153747922335271
64 10 0.2134998 0.19085 0.154153458893561
64 11 0.2138654 0.1911 0.156302605311835
64 12 0.2108218 0.18555 0.156541359333379
64 13 0.2118204 0.18975 0.158516535717684
64 14 0.2116006 0.19105 0.158473885836538
64 15 0.2109583 0.19125 0.158965661048236
64 16 0.2102308 0.1937 0.159721364963444
64 17 0.2083261 0.1904 0.159119653572219
64 18 0.2086107 0.18565 0.160198862702334
64 19 0.2093826 0.19125 0.160565896330149
64 20 0.2083755 0.1866 0.160947424033605
64 21 0.2087512 0.18325 0.161216108724508
65 0 0.253868 0.243 0.126608626563597
65 1 0.2514455 0.24445 0.138871845632076
65 2 0.2327988 0.2113 0.152359525345557
65 3 0.2156247 0.1789 0.157274132560579
65 4 0.2040235 0.16455 0.154763505001115
65 5 0.1977047 0.15235 0.154453756350439
65 6 0.1910482 0.14825 0.153459511919459
65 7 0.1874852 0.15195 0.153778263988886
65 8 0.1826866 0.1484 0.152917622070118
65 9 0.1799814 0.14325 0.153175482118916
65 10 0.1758005 0.1396 0.1538044795436
65 11 0.172499 0.13195 0.153454144008278
65 12 0.172598 0.1296 0.154829086227175
65 13 0.1707777 0.12455 0.155335517753622
65 14 0.1663537 0.1182 0.155536631666306
65 15 0.161866 0.1104 0.15431246884825
65 16 0.1580658 0.10455 0.15290369652422
65 17 0.1566461 0.09935 0.153177646136981
65 18 0.1560475 0.10135 0.152473825429781
65 19 0.1560359 0.10255 0.15288549196979
65 20 0.1566742 0.10505 0.15348074469898
65 21 0.156392 0.1067 0.153218636943117
66 0 0.249073 0.2355 0.12924666483655
66 1 0.2464173 0.2387 0.130545980419597
66 2 0.2430875 0.23115 0.135476684066579
66 3 0.2393483 0.2277 0.138593927694917
66 4 0.2339465 0.21875 0.14016935112479
66 5 0.2282302 0.2084 0.143076802380188
66 6 0.221701 0.2015 0.144164173871417
66 7 0.2162842 0.1948 0.144556632883
66 8 0.2136281 0.19595 0.1451118595159
66 9 0.2087366 0.1856 0.145335345608435
66 10 0.204109 0.17915 0.14747272223297
66 11 0.2037429 0.18085 0.147018269208528
66 12 0.2040123 0.1788 0.148040865968511
66 13 0.2039567 0.1828 0.147466345646077
66 14 0.2025322 0.1836 0.147281816925093
66 15 0.2026172 0.18545 0.147502160769229
66 16 0.2029069 0.18415 0.148021482703463
66 17 0.2026317 0.1819 0.148221230862479
66 18 0.2031752 0.18365 0.149076708005744
66 19 0.2041614 0.17965 0.149509579507149
66 20 0.2043988 0.188 0.150053458403793
66 21 0.2033986 0.1837 0.150746821599204
67 0 0.255371 0.245 0.129426320860679
67 1 0.2433809 0.23115 0.141370503162273
67 2 0.2216842 0.19175 0.149096510958305
67 3 0.2065622 0.17665 0.148629518888561
67 4 0.1956122 0.16565 0.148193031231788
67 5 0.1881519 0.15565 0.147851150415102
67 6 0.1815232 0.14415 0.147461651558771
67 7 0.177714 0.1398 0.148165753649602
67 8 0.1726051 0.13035 0.148805652467224
67 9 0.1659289 0.12415 0.146797056409727
67 10 0.1632677 0.11945 0.147421531855984
67 11 0.1632414 0.1177 0.149592329118077
67 12 0.1617971 0.1192 0.148043120837198
67 13 0.1589413 0.1121 0.148378397663552
67 14 0.1590069 0.1117 0.148746405050359
67 15 0.1590352 0.1109 0.149046853994459
67 16 0.1595435 0.109 0.151218308331116
67 17 0.1590037 0.1112 0.151973931027733
67 18 0.1589737 0.10785 0.152598560212372
67 19 0.1580948 0.10715 0.152130742243952
67 20 0.1578235 0.10925 0.151982503134437
67 21 0.1572925 0.11215 0.151481631356374
68 0 0.254343 0.245 0.130633374102598
68 1 0.2449633 0.24015 0.13735901675024
68 2 0.2338177 0.22075 0.146644653196157
68 3 0.227222 0.2033 0.150512271459373
68 4 0.2203598 0.19495 0.151877197192294
68 5 0.2168299 0.19025 0.15326532711767
68 6 0.214326 0.1833 0.153780573313825
68 7 0.2102451 0.1817 0.153120529559437
68 8 0.2056034 0.17455 0.153257772178683
68 9 0.2014037 0.17015 0.151534304504794
68 10 0.1989405 0.1677 0.151303795286894
68 11 0.1962008 0.1674 0.150236915537261
68 12 0.1965947 0.17035 0.152050686197344
68 13 0.1961419 0.1714 0.152209623164154
68 14 0.1943402 0.1709 0.152602257561849
68 15 0.1920144 0.16815 0.150777840181274
68 16 0.1913495 0.16935 0.151107847186145
68 17 0.1899997 0.16745 0.151142614970001
68 18 0.1897397 0.16335 0.152058137865756
68 19 0.1892318 0.1605 0.152413609684887
68 20 0.1889115 0.16335 0.15344169156543
68 21 0.1887662 0.1607 0.152427864419244
69 0 0.254092 0.249 0.13176603440881
69 1 0.2428604 0.2402 0.142807571277766
69 2 0.2352116 0.2291 0.149748148347061
69 3 0.2300115 0.225 0.15199348445597
69 4 0.2201521 0.20925 0.150118931815009
69 5 0.2134722 0.2038 0.150303487469538
69 6 0.2095573 0.2009 0.149746124184963
69 7 0.2061651 0.1988 0.149122455179053
69 8 0.2038001 0.19555 0.149566294687328
69 9 0.1995285 0.19145 0.149851166194193
69 10 0.1956511 0.18355 0.150558238505809
69 11 0.1950448 0.18125 0.152047348049905
69 12 0.1940823 0.1742 0.154180581424505
69 13 0.1937922 0.17075 0.155738903891563
69 14 0.1920937 0.1673 0.154948474985107
69 15 0.1912949 0.1667 0.15545340551199
69 16 0.1906292 0.16375 0.15632455934758
69 17 0.1898641 0.1669 0.155863505714467
69 18 0.1892381 0.16745 0.155402651980694
69 19 0.1888919 0.1686 0.155340919675775
69 20 0.187909 0.17145 0.155339175736575
69 21 0.187075 0.1671 0.155763703751569
70 0 0.254493 0.246 0.127839661020866
70 1 0.2482416 0.23655 0.138288411351617
70 2 0.2397989 0.22725 0.145853325506659
70 3 0.2369986 0.22705 0.148527237092051
70 4 0.2346953 0.2329 0.148807112950876
70 5 0.2324792 0.22685 0.149857224434043
70 6 0.2292062 0.2235 0.151346255092389
70 7 0.2260178 0.217 0.153190719299962
70 8 0.2231831 0.2127 0.153115768564093
70 9 0.2180126 0.20265 0.153437540517567
70 10 0.2125581 0.1977 0.153339787089635
70 11 0.2109715 0.2012 0.154495778788333
70 12 0.2092764 0.2014 0.155107901036678
70 13 0.2077594 0.1961 0.155550586487472
70 14 0.2070323 0.19655 0.155079018596065
70 15 0.2066098 0.192 0.156147721516822
70 16 0.2051405 0.18795 0.15655467318303
70 17 0.2042023 0.1888 0.156490186091822
70 18 0.2033598 0.18815 0.15623133102151
70 19 0.2021659 0.1821 0.155657405847538
70 20 0.2023272 0.18925 0.15616233628963
70 21 0.2029666 0.18685 0.157024654836961
71 0 0.250266 0.2405 0.130416876997595
71 1 0.2433689 0.2263 0.135213623821185
71 2 0.2392061 0.22795 0.138793096284961
71 3 0.2359648 0.22325 0.141449955145878
71 4 0.232845 0.22025 0.143321386243487
71 5 0.2290791 0.2189 0.145396139806601
71 6 0.2260099 0.22185 0.146935512987729
71 7 0.2227773 0.2171 0.148666709606607
71 8 0.2174901 0.2028 0.150088139910293
71 9 0.2133581 0.2031 0.150107618766009
71 10 0.209641 0.19395 0.150779118984433
71 11 0.2093018 0.19675 0.153667745974596
71 12 0.2083546 0.19315 0.154370747184907
71 13 0.20856 0.1955 0.155142219618994
71 14 0.2074627 0.18975 0.15511085324859
71 15 0.2066426 0.1943 0.154954149262334
71 16 0.2056238 0.1931 0.154741228511865
71 17 0.2053952 0.19325 0.154829968404298
71 18 0.2052793 0.18785 0.155058420781863
71 19 0.2056971 0.1848 0.155860361008576
71 20 0.2057659 0.19275 0.155268556545882
71 21 0.2045956 0.192 0.155785523492942
72 0 0.245832 0.219 0.1289807652862
72 1 0.2300157 0.21155 0.141610670592069
72 2 0.214702 0.1996 0.152736725653535
72 3 0.2089702 0.19145 0.156136633498613
72 4 0.2044645 0.17915 0.157293409036349
72 5 0.2026059 0.1744 0.15936927665498
72 6 0.1995421 0.16795 0.160836903996804
72 7 0.1965402 0.159 0.160901827839718
72 8 0.1943561 0.16245 0.160636278893925
72 9 0.1910683 0.1606 0.160958906105144
72 10 0.1858681 0.15105 0.159769592836638
72 11 0.1838997 0.1494 0.158434571806325
72 12 0.1809607 0.14845 0.157185014471114
72 13 0.1783278 0.1471 0.157336669580727
72 14 0.1771661 0.13965 0.158416073341953
72 15 0.1771692 0.1397 0.159630852972039
72 16 0.176157 0.13835 0.159355638087864
72 17 0.1758957 0.1366 0.160211444155367
72 18 0.1737196 0.1364 0.158403092000742
72 19 0.1731826 0.13955 0.158324319949676
72 20 0.1710903 0.13335 0.15754864668407
72 21 0.1710951 0.1303 0.157310514346352
73 0 0.258789 0.249 0.132053597571712
73 1 0.2494579 0.2369 0.140605033811465
73 2 0.2404436 0.2278 0.147289369329077
73 3 0.2324164 0.22395 0.150647278281068
73 4 0.2277628 0.21855 0.151627657446334
73 5 0.2230075 0.21185 0.15238619421042
73 6 0.2208023 0.2064 0.153202063683969
73 7 0.2174109 0.19915 0.153426835348302
73 8 0.2148147 0.1969 0.153280929659587
73 9 0.2131373 0.19715 0.153984848060263
73 10 0.2109827 0.20005 0.154202662791282
73 11 0.2117885 0.19895 0.1567210944934
73 12 0.2113017 0.1996 0.157135246118376
73 13 0.2092161 0.1953 0.156504780109066
73 14 0.2086656 0.19155 0.15728050653013
73 15 0.2065199 0.19135 0.15619576361272
73 16 0.2057328 0.18855 0.155870869414692
73 17 0.2041331 0.1888 0.155675412536657
73 18 0.2021749 0.1916 0.155404821477741
73 19 0.2032719 0.1884 0.156307475980637
73 20 0.2028452 0.18825 0.156909736735623
73 21 0.2027867 0.1876 0.157101963068289
74 0 0.255365 0.249 0.132903209284193
74 1 0.2467965 0.23365 0.137554551623792
74 2 0.2371651 0.23 0.142885263097355
74 3 0.2305253 0.21855 0.146834721047902
74 4 0.2262252 0.2163 0.148191060105714
74 5 0.2216869 0.21095 0.148253179202112
74 6 0.2185712 0.2056 0.149454303649776
74 7 0.2144157 0.19595 0.149624859238069
74 8 0.2088035 0.187 0.148498972058572
74 9 0.2055622 0.18375 0.148488980225498
74 10 0.204336 0.18105 0.148798444888383
74 11 0.2057425 0.19035 0.150319142454773
74 12 0.2067308 0.19145 0.15185048561444
74 13 0.2083255 0.19035 0.152267207639308
74 14 0.2076645 0.1916 0.152291032593381
74 15 0.2062882 0.1888 0.152872545658061
74 16 0.2053832 0.18485 0.153455835768117
74 17 0.2051085 0.1875 0.154883612403447
74 18 0.2042522 0.1842 0.156383371539477
74 19 0.2029836 0.1839 0.156085669512826
74 20 0.2008272 0.1828 0.156153912998377
74 21 0.2001887 0.18145 0.156152962988732
75 0 0.241406 0.214 0.128108621813612
75 1 0.2303755 0.2043 0.142121185828191
75 2 0.209636 0.1695 0.147302229687371
75 3 0.1943713 0.15665 0.144413463135002
75 4 0.1886203 0.1529 0.144060841188277
75 5 0.1810321 0.1465 0.141005849769643
75 6 0.1764996 0.14125 0.139344775884876
75 7 0.1753226 0.137 0.14119096223575
75 8 0.1734941 0.1367 0.142083526996742
75 9 0.171488 0.1355 0.142784800364798
75 10 0.1697921 0.13285 0.145051871663426
75 11 0.1702205 0.1303 0.146651912204046
75 12 0.1688439 0.1321 0.14648769787398
75 13 0.1682842 0.1346 0.145623378063409
75 14 0.1683892 0.1333 0.146062430614436
75 15 0.1698006 0.136 0.147584782914052
75 16 0.1705254 0.1386 0.147981845851245
75 17 0.1705688 0.13735 0.147831519049845
75 18 0.1718964 0.1369 0.148739243407951
75 19 0.1713537 0.13925 0.149585544895058
75 20 0.1710471 0.13535 0.150619229329571
75 21 0.1709141 0.1363 0.15107031538784
76 0 0.258245 0.246 0.131541659496842
76 1 0.2579313 0.24815 0.139563212059878
76 2 0.2548746 0.24965 0.143210805771526
76 3 0.253926 0.2522 0.145848291275791
76 4 0.251174 0.2545 0.148319558776028
76 5 0.2452337 0.24425 0.149812379472971
76 6 0.2412421 0.2404 0.150504587399914
76 7 0.2376735 0.23645 0.151267497379687
76 8 0.2314675 0.22155 0.151052985598459
76 9 0.224361 0.217 0.150304714517563
76 10 0.2186052 0.2102 0.150620969022475
76 11 0.2197459 0.2102 0.149918287063273
76 12 0.2187658 0.20875 0.150570812709502
76 13 0.2167203 0.2076 0.150363983737847
76 14 0.2146642 0.20655 0.150924947368214
76 15 0.213848 0.20385 0.151744386040126
76 16 0.2136945 0.20585 0.152392948033563
76 17 0.2132439 0.20135 0.153105798349632
76 18 0.2128825 0.20355 0.153309149038565
76 19 0.2124881 0.2017 0.15307971638319
76 20 0.2124996 0.2021 0.153207986498638
76 21 0.2125942 0.2054 0.15379325854124
77 0 0.257306 0.25 0.130483624797675
77 1 0.2431117 0.23115 0.133952378152546
77 2 0.2284482 0.216 0.138882800263276
77 3 0.2213101 0.1997 0.143930298960813
77 4 0.218981 0.2015 0.144710011009212
77 5 0.2164841 0.19545 0.145664706033321
77 6 0.211508 0.1893 0.146130975011658
77 7 0.2067356 0.1828 0.14751910241802
77 8 0.201778 0.17715 0.147928255261477
77 9 0.1963431 0.1673 0.147724887187923
77 10 0.1904204 0.1629 0.147499997060925
77 11 0.1870639 0.1601 0.147237504765598
77 12 0.1875152 0.16185 0.149191109105054
77 13 0.18931 0.16685 0.150492977232149
77 14 0.1904085 0.16835 0.152314806627813
77 15 0.1878328 0.16555 0.152308057201346
77 16 0.1860601 0.1589 0.152539502220663
77 17 0.1854019 0.1564 0.153949369257184
77 18 0.1849265 0.15655 0.153758626238962
77 19 0.1844372 0.1556 0.152922785661701
77 20 0.1849451 0.1594 0.152977643907617
77 21 0.1843978 0.16075 0.152378560699729
78 0 0.249523 0.2385 0.126381817659167
78 1 0.2402556 0.2358 0.13525339022815
78 2 0.2326534 0.22405 0.144017659523736
78 3 0.2289897 0.22305 0.149034502538361
78 4 0.2263088 0.2187 0.151441066224123
78 5 0.2235661 0.2234 0.152147586273325
78 6 0.2214244 0.2161 0.153754542059231
78 7 0.217087 0.2142 0.153089648544542
78 8 0.2145932 0.21335 0.154093926979917
78 9 0.2083385 0.2025 0.152849050896988
78 10 0.2058724 0.19995 0.152942656556091
78 11 0.2050515 0.19865 0.153747165595593
78 12 0.2036214 0.1948 0.154541999571869
78 13 0.2028869 0.1925 0.155290257268099
78 14 0.2025409 0.1942 0.156005225192868
78 15 0.2014705 0.19355 0.156418572649221
78 16 0.1994787 0.19135 0.157211779074565
78 17 0.1990188 0.1866 0.159602794080926
78 18 0.1965924 0.17975 0.159449110568548
78 19 0.1958377 0.1767 0.160267962077199
78 20 0.1931323 0.17365 0.159850998146143
78 21 0.1928955 0.17855 0.160168884247944
79 0 0.251754 0.244 0.127487476014472
79 1 0.2440641 0.23165 0.135884872814636
79 2 0.2370547 0.22165 0.141853079889667
79 3 0.2342751 0.22935 0.145447335683564
79 4 0.2317956 0.22805 0.146507319664771
79 5 0.2283956 0.2233 0.147826435171709
79 6 0.2259989 0.21325 0.150671198836901
79 7 0.2245849 0.21645 0.152730701658898
79 8 0.2214789 0.2144 0.153129254793013
79 9 0.2189719 0.2029 0.154001127423268
79 10 0.2169161 0.19915 0.154908133939928
79 11 0.2166792 0.19825 0.155467617359395
79 12 0.2152724 0.197 0.156759208366359
79 13 0.2139696 0.1984 0.157246396095189
79 14 0.2127595 0.1946 0.157382894067605
79 15 0.2117964 0.19465 0.157414488113731
79 16 0.2124695 0.19335 0.157475012110459
79 17 0.2116712 0.19415 0.158028297698335
79 18 0.2113999 0.19025 0.159048668428626
79 19 0.2115839 0.19215 0.159382356760202
79 20 0.2097539 0.1915 0.158791230865529
79 21 0.2087577 0.1868 0.15941095543727
80 0 0.251864 0.2475 0.127347056411904
80 1 0.2452037 0.22955 0.133980092706161
80 2 0.2404888 0.23605 0.139189795077131
80 3 0.2363456 0.23375 0.143286527313455
80 4 0.2344265 0.2244 0.145974989176966
80 5 0.2314868 0.22145 0.147616149703931
80 6 0.2278458 0.20535 0.14985676478662
80 7 0.226519 0.20415 0.151548521316816
80 8 0.2225005 0.2031 0.151038963046322
80 9 0.2201387 0.19335 0.152323893203761
80 10 0.2179945 0.19135 0.15230481284505
80 11 0.2160147 0.19085 0.153334378616068
80 12 0.2144469 0.1868 0.153225542378636
80 13 0.2116307 0.18155 0.154084716332663
80 14 0.2103638 0.17945 0.154840253790007
80 15 0.2079083 0.18275 0.156219266033963
80 16 0.2072533 0.1829 0.157102259401382
80 17 0.2077913 0.18645 0.157177634105406
80 18 0.2071797 0.1852 0.15674041775007
80 19 0.2066032 0.1871 0.156255092088429
80 20 0.2055452 0.1814 0.156562032456681
80 21 0.2046782 0.18015 0.156661381307434
81 0 0.253636 0.249 0.131960862278075
81 1 0.2412982 0.23305 0.138363041047412
81 2 0.2254753 0.22825 0.145798914685376
81 3 0.2157255 0.2189 0.147688752677438
81 4 0.2109431 0.2096 0.150013406649421
81 5 0.2083908 0.1984 0.151252666702259
81 6 0.2038032 0.1836 0.153682089634526
81 7 0.2017098 0.17825 0.15554698405372
81 8 0.1999161 0.17435 0.156188810852204
81 9 0.1981806 0.17755 0.157290625291034
81 10 0.196162 0.1769 0.157045348474501
81 11 0.1943758 0.17715 0.157932886477108
81 12 0.192567 0.17525 0.158361158835201
81 13 0.1910309 0.17155 0.158739772995682
81 14 0.1896773 0.17295 0.158499930607911
81 15 0.1903497 0.1701 0.159462604337481
81 16 0.1901396 0.16955 0.160520473380233
81 17 0.1883897 0.162 0.160158732085932
81 18 0.1882561 0.1637 0.160156155038721
81 19 0.1884593 0.16185 0.160753910538012
81 20 0.1888546 0.16405 0.161511856836391
81 21 0.1883124 0.16125 0.161874254594548
82 0 0.253479 0.244 0.127991168829331
82 1 0.2486768 0.23695 0.132264107965903
82 2 0.2467935 0.23215 0.138274397473816
82 3 0.2446509 0.2321 0.142177386628319
82 4 0.2408763 0.22365 0.144960016883294
82 5 0.2382594 0.2231 0.146810918045278
82 6 0.2354276 0.22225 0.14715145425285
82 7 0.2312196 0.21645 0.147069226874059
82 8 0.2276163 0.21645 0.147398071886663
82 9 0.2238784 0.21635 0.147644004773596
82 10 0.2204917 0.2103 0.148674864507914
82 11 0.2192981 0.2073 0.149059069340119
82 12 0.2182196 0.20435 0.149973764124815
82 13 0.2174377 0.20655 0.15096063838979
82 14 0.2172916 0.20095 0.151928065829282
82 15 0.2155088 0.20265 0.151812251357465
82 16 0.215008 0.2012 0.152421254077949
82 17 0.2143831 0.2024 0.152822850804839
82 18 0.2135129 0.20305 0.152806345689153
82 19 0.2128915 0.2015 0.152428562758082
82 20 0.211272 0.1981 0.152393935271413
82 21 0.2099624 0.19825 0.15241137810024
83 0 0.246394 0.233 0.128584076108314
83 1 0.2399627 0.22725 0.134565073543352
83 2 0.2344606 0.2251 0.139312298682508
83 3 0.2297563 0.2226 0.141181232537228
83 4 0.2249572 0.2132 0.142416956144827
83 5 0.2220429 0.2092 0.143399816446699
83 6 0.2199632 0.20895 0.143952441212683
83 7 0.2176896 0.20475 0.146316276622407
83 8 0.2123051 0.1972 0.146760922497654
83 9 0.2077989 0.1925 0.147780883805749
83 10 0.2044113 0.19035 0.148832150395341
83 11 0.2044214 0.1858 0.150589552078606
83 12 0.2029065 0.178 0.151839722236966
83 13 0.2014079 0.1772 0.152313069362707
83 14 0.2007801 0.17695 0.153090268091
83 15 0.2010413 0.177 0.15287771924434
83 16 0.2010082 0.1761 0.152655244051085
83 17 0.2005345 0.17635 0.152497655965017
83 18 0.1997978 0.1809 0.151996103669438
83 19 0.1997929 0.183 0.152724334150887
83 20 0.2002672 0.18395 0.152457434694257
83 21 0.1993831 0.18255 0.152045941256722
84 0 0.262686 0.257 0.12447848929955
84 1 0.2536807 0.248 0.132223289612026
84 2 0.2463082 0.2411 0.137535590126015
84 3 0.2432009 0.23985 0.141161948502048
84 4 0.2409233 0.2307 0.143774147580929
84 5 0.2387881 0.22565 0.146007260944922
84 6 0.236281 0.2242 0.148009904908256
84 7 0.2338703 0.22545 0.148821850987149
84 8 0.2296169 0.2145 0.149308868734153
84 9 0.2260383 0.2125 0.148984972077774
84 10 0.2235068 0.2074 0.149910304426124
84 11 0.2206262 0.2079 0.149756182469198
84 12 0.2173067 0.20185 0.150963954043773
84 13 0.2150824 0.2005 0.150447678394099
84 14 0.2108504 0.1915 0.151309717567876
84 15 0.205165 0.1813 0.150789460163157
84 16 0.2006883 0.1809 0.151230012662301
84 17 0.1999863 0.1776 0.151466563379949
84 18 0.1988218 0.1783 0.151561358301152
84 19 0.1987289 0.1759 0.152414658293922
84 20 0.1981496 0.17725 0.152122623210134
84 21 0.1978261 0.17835 0.152081215884852
85 0 0.256882 0.25 0.128783435461434
85 1 0.2487557 0.24025 0.136810979206866
85 2 0.2396852 0.242 0.143582751218269
85 3 0.23243 0.22975 0.147896074081528
85 4 0.2272084 0.21805 0.151177802263882
85 5 0.2241132 0.2141 0.153187775035021
85 6 0.2200459 0.20645 0.154236956667305
85 7 0.2151618 0.1969 0.153629085321161
85 8 0.2100809 0.18815 0.153409999195108
85 9 0.2060874 0.18585 0.152762056962085
85 10 0.2035396 0.18265 0.154596765204359
85 11 0.1978897 0.17395 0.154662796963829
85 12 0.1978517 0.1697 0.156480991938152
85 13 0.1954816 0.1722 0.155943841889519
85 14 0.1942432 0.1678 0.156709212080563
85 15 0.1950043 0.17005 0.156980865087161
85 16 0.1949911 0.1652 0.157434235696558
85 17 0.1946843 0.16615 0.158292526442146
85 18 0.1943742 0.16495 0.158961492287882
85 19 0.1936455 0.1656 0.158834423453557
85 20 0.1932795 0.162 0.159852919477924
85 21 0.1926772 0.16055 0.159907340099126
86 0 0.25361 0.249 0.133020495985966
86 1 0.2470859 0.23705 0.140722614548748
86 2 0.2387221 0.2336 0.144436841708869
86 3 0.2341961 0.22305 0.14698138331718
86 4 0.2303961 0.21815 0.149352753438796
86 5 0.2272136 0.2122 0.150336470922825
86 6 0.2258416 0.21485 0.151769329440433
86 7 0.2240558 0.2069 0.153480138712927
86 8 0.2202994 0.20215 0.153521004421019
86 9 0.2203427 0.206 0.154710337130798
86 10 0.2171028 0.2028 0.155118822136906
86 11 0.2192972 0.2056 0.156144819308092
86 12 0.2180725 0.2068 0.155413499186781
86 13 0.2155805 0.20775 0.154253971350586
86 14 0.2124342 0.1982 0.154585839040942
86 15 0.2056082 0.19325 0.155423567125382
86 16 0.2016824 0.19115 0.155614307063338
86 17 0.1988665 0.18495 0.155258909363317
86 18 0.1984149 0.1821 0.155487546913684
86 19 0.1984002 0.18315 0.156228130337237
86 20 0.1973535 0.17605 0.158047457513801
86 21 0.197108 0.1743 0.159359739402845
87 0 0.259674 0.243 0.129933507766243
87 1 0.2548784 0.2462 0.140104672987138
87 2 0.2474771 0.24245 0.146176899103181
87 3 0.2441711 0.2468 0.147341651738832
87 4 0.2411594 0.24315 0.148468234408133
87 5 0.2395004 0.2389 0.148835094534875
87 6 0.2360416 0.2328 0.150769436134491
87 7 0.232801 0.2278 0.151804460847939
87 8 0.2302416 0.226 0.152607787239597
87 9 0.2282233 0.22315 0.154177931630022
87 10 0.2264458 0.21805 0.154717333533304
87 11 0.2248524 0.21655 0.154365149803036
87 12 0.2230314 0.2117 0.154483491166801
87 13 0.2225044 0.2152 0.15537607990565
87 14 0.2225787 0.21755 0.15570814738951
87 15 0.2202663 0.2113 0.155215335823445
87 16 0.2187815 0.21425 0.155574703265171
87 17 0.2176433 0.2111 0.156157366391049
87 18 0.2175044 0.20815 0.156178196652893
87 19 0.2161709 0.2063 0.155912325736314
87 20 0.2150229 0.20755 0.155935686498998
87 21 0.2145723 0.19935 0.155879645067778
88 0 0.249108 0.243 0.127210285719327
88 1 0.2354609 0.2249 0.140176163372979
88 2 0.2117899 0.18095 0.148112147835099
88 3 0.2006149 0.16785 0.148494840131014
88 4 0.1942642 0.16245 0.147773300655926
88 5 0.1895649 0.1598 0.147573879490572
88 6 0.1850975 0.15295 0.148243699759107
88 7 0.1818928 0.1477 0.148902030889317
88 8 0.1790891 0.1437 0.148819943242486
88 9 0.1746729 0.14015 0.147740610407408
88 10 0.1719787 0.1366 0.148029064714705
88 11 0.1709837 0.135 0.148558246883258
88 12 0.171231 0.13335 0.14922167948602
88 13 0.1702438 0.13355 0.1501993369572
88 14 0.1703207 0.1277 0.150160879296777
88 15 0.1700092 0.12875 0.15095842414778
88 16 0.1693712 0.12715 0.152100878063434
88 17 0.1692179 0.1291 0.152825384107542
88 18 0.1695735 0.1271 0.154160308927423
88 19 0.1691916 0.12685 0.154839582942754
88 20 0.1703143 0.12915 0.156369341357014
88 21 0.1692989 0.1246 0.155911149361697
89 0 0.251735 0.2445 0.128837750449707
89 1 0.2444281 0.22745 0.137210857733161
89 2 0.2370252 0.22455 0.14344226297632
89 3 0.2311598 0.2225 0.147014512449727
89 4 0.2279812 0.2204 0.149655342263576
89 5 0.2230205 0.20905 0.149685374372552
89 6 0.2212561 0.2108 0.152717737444346
89 7 0.2178194 0.20245 0.152917656839926
89 8 0.2167218 0.20695 0.153302094235065
89 9 0.2140542 0.2011 0.153687128725524
89 10 0.2101184 0.1987 0.154705689396905
89 11 0.2088019 0.199 0.155205246995986
89 12 0.2076948 0.19615 0.156161049325004
89 13 0.2047559 0.19035 0.155871380864361
89 14 0.2052096 0.18775 0.156767168415242
89 15 0.2061123 0.19065 0.156919410654483
89 16 0.2053304 0.19015 0.156489641394259
89 17 0.2036729 0.1889 0.15535397636869
89 18 0.2022421 0.1855 0.155167090014002
89 19 0.2018066 0.1878 0.154948853508645
89 20 0.2009792 0.18795 0.155710413653937
89 21 0.2000311 0.1817 0.156437329051319
90 0 0.245067 0.21 0.126744414700048
90 1 0.2415735 0.2349 0.134750979641204
90 2 0.2342181 0.22945 0.14209253932604
90 3 0.2254319 0.2167 0.144638289145983
90 4 0.2218255 0.21035 0.145872134485547
90 5 0.2176593 0.2027 0.145875543830341
90 6 0.2144242 0.19945 0.146906653215976
90 7 0.2126392 0.19745 0.148036942077238
90 8 0.2107152 0.191 0.14879820817374
90 9 0.2082363 0.1855 0.151282694601848
90 10 0.2052905 0.18 0.153216522746708
90 11 0.2060401 0.1828 0.154456052047189
90 12 0.20693 0.192 0.155035167827378
90 13 0.2054321 0.183 0.156924182006753
90 14 0.2022137 0.17865 0.15707765624812
90 15 0.2002734 0.17235 0.157291697462169
90 16 0.2001202 0.17015 0.157459839301814
90 17 0.2004015 0.17595 0.157995567428574
90 18 0.1993132 0.17135 0.157983366624116
90 19 0.1973825 0.1733 0.157756639039094
90 20 0.1973756 0.1716 0.158816036085648
90 21 0.1964829 0.1681 0.157726717695719
91 0 0.252565 0.243 0.129287002068669
91 1 0.2485117 0.2332 0.139991247378015
91 2 0.2429724 0.2242 0.144214998609937
91 3 0.2399306 0.23125 0.146439656571083
91 4 0.2371988 0.23185 0.146758936504746
91 5 0.2322971 0.23105 0.147952117966593
91 6 0.229639 0.2263 0.149520763835053
91 7 0.2272207 0.22535 0.151503885127474
91 8 0.2254092 0.22315 0.152452048272178
91 9 0.2218218 0.21205 0.153291530679742
91 10 0.2184106 0.2109 0.154150827065978
91 11 0.2147322 0.20985 0.154697425371519
91 12 0.2107017 0.2062 0.155253437504511
91 13 0.2090327 0.19825 0.155400117429837
91 14 0.2081152 0.1944 0.156579204034559
91 15 0.2078511 0.19035 0.157875111939025
91 16 0.2075484 0.18745 0.158234118488061
91 17 0.2072286 0.1873 0.157191892071356
91 18 0.2066012 0.1825 0.157328618352519
91 19 0.2060519 0.18125 0.156773384636935
91 20 0.2068313 0.18355 0.157394518407519
91 21 0.2056516 0.1812 0.156689988607983
92 0 0.252058 0.242 0.127554414916791
92 1 0.242328 0.2372 0.133091513730317
92 2 0.2303896 0.2306 0.142360325421425
92 3 0.2219226 0.2139 0.146707902370179
92 4 0.2180817 0.20825 0.14725989634718
92 5 0.2145359 0.20115 0.147926021879652
92 6 0.2091779 0.1962 0.146757555518248
92 7 0.2047326 0.1885 0.147552932350005
92 8 0.2016378 0.18435 0.148289796597524
92 9 0.1984682 0.1756 0.146817791539965
92 10 0.1951114 0.16815 0.147730825513319
92 11 0.194634 0.16775 0.147037369100212
92 12 0.196352 0.17235 0.147577706159688
92 13 0.1964465 0.1772 0.14760820176731
92 14 0.1929791 0.17665 0.14605462480393
92 15 0.1926328 0.1697 0.146633357957273
92 16 0.192248 0.1709 0.148015243702696
92 17 0.1907897 0.16915 0.14859452202516
92 18 0.191308 0.1677 0.15118030453892
92 19 0.1912459 0.16505 0.151816121205384
92 20 0.1911439 0.16975 0.151530741265059
92 21 0.1912419 0.1689 0.151984278052584
93 0 0.249055 0.236 0.128652662166325
93 1 0.2339565 0.21815 0.139904934467797
93 2 0.2202151 0.20285 0.150167063062507
93 3 0.2136088 0.1901 0.152424130169793
93 4 0.2098031 0.1851 0.153559237885351
93 5 0.2045871 0.1773 0.154828170970648
93 6 0.2032523 0.16955 0.1562074769996
93 7 0.2004099 0.1683 0.156090451601214
93 8 0.1955224 0.1582 0.154367067374261
93 9 0.1899037 0.14865 0.15310184097528
93 10 0.1873192 0.142 0.152604169090441
93 11 0.1866874 0.143 0.153154182394164
93 12 0.1858533 0.14305 0.153681880810978
93 13 0.1844904 0.1365 0.153740726936485
93 14 0.1841779 0.1364 0.152821237307392
93 15 0.1843336 0.14295 0.15261764359397
93 16 0.1838824 0.1378 0.153847376010595
93 17 0.1829287 0.13665 0.154549555325667
93 18 0.1815528 0.13475 0.15393507345306
93 19 0.1801777 0.1374 0.152743176314429
93 20 0.1795674 0.1346 0.152437509726483
93 21 0.1793705 0.1363 0.15188479947665
94 0 0.253336 0.244 0.12828568244477
94 1 0.2421942 0.23135 0.141053363297929
94 2 0.2280006 0.2043 0.148200204994461
94 3 0.2190975 0.1924 0.150033206480422
94 4 0.2159201 0.18795 0.150438031851714
94 5 0.2127947 0.1889 0.151693901596906
94 6 0.2094201 0.19075 0.150106951147416
94 7 0.2052942 0.18025 0.15040214883017
94 8 0.2010323 0.1794 0.150545548884711
94 9 0.196952 0.1734 0.151402289312973
94 10 0.1920496 0.16555 0.151785501475926
94 11 0.1885225 0.1591 0.15139026493162
94 12 0.1861717 0.1584 0.151306901718387
94 13 0.1817831 0.1512 0.153038146416665
94 14 0.1797203 0.14805 0.15306840213984
94 15 0.1790905 0.14925 0.152905295752695
94 16 0.1785652 0.14935 0.153425035670618
94 17 0.1779591 0.148 0.152911007888652
94 18 0.1785049 0.1446 0.153734482719939
94 19 0.1764509 0.1496 0.153501525913092
94 20 0.1753646 0.14425 0.153446938482883
94 21 0.1755221 0.1373 0.154708334586022
95 0 0.249141 0.21 0.131963432307842
95 1 0.2402412 0.22795 0.135638097804917
95 2 0.2297825 0.2181 0.14246742733552
95 3 0.2239599 0.2092 0.144693098642557
95 4 0.2192207 0.2012 0.146852422504722
95 5 0.216438 0.19695 0.148256502138781
95 6 0.2125289 0.1981 0.149742955786233
95 7 0.2107819 0.19495 0.150568467701096
95 8 0.207488 0.19325 0.150547347767803
95 9 0.2054382 0.1922 0.151239198807769
95 10 0.2019884 0.18735 0.151923825498814
95 11 0.2008721 0.18635 0.149852149795685
95 12 0.1988067 0.17575 0.151605294995197
95 13 0.1983698 0.17825 0.154461848138919
95 14 0.1972621 0.1678 0.155976779840589
95 15 0.1930413 0.1634 0.154950210816708
95 16 0.1887656 0.1606 0.153819852827142
95 17 0.1862025 0.1548 0.154038582207701
95 18 0.1866073 0.15565 0.154514068077777
95 19 0.1858874 0.15685 0.155238865644679
95 20 0.1846319 0.15585 0.154906803240142
95 21 0.1841717 0.1511 0.155470639636231
96 0 0.251367 0.234 0.126437212400779
96 1 0.2419821 0.2342 0.136706329956737
96 2 0.2165129 0.1894 0.144736964706818
96 3 0.2042884 0.1767 0.142923434164847
96 4 0.1988964 0.17055 0.142503921119998
96 5 0.1964482 0.17025 0.141876808131017
96 6 0.1919365 0.1665 0.141840756829791
96 7 0.1899949 0.1619 0.143727236815409
96 8 0.1873402 0.1584 0.143758807865114
96 9 0.1847174 0.15945 0.145148719139743
96 10 0.1818735 0.15845 0.145267015573266
96 11 0.1817016 0.1554 0.146342715253434
96 12 0.1799178 0.15195 0.148692024538377
96 13 0.173155 0.1388 0.14800370993037
96 14 0.1689523 0.13515 0.148892612324167
96 15 0.1696865 0.13985 0.149362072483099
96 16 0.1694645 0.13755 0.148413036014391
96 17 0.1696591 0.1319 0.150046500557392
96 18 0.1697983 0.1316 0.152165975274176
96 19 0.1694162 0.12965 0.15272998869576
96 20 0.1674765 0.12485 0.15204307486487
96 21 0.1679922 0.1257 0.153394781195639
97 0 0.250419 0.238 0.126046090998714
97 1 0.2414533 0.2354 0.133203207707824
97 2 0.2257049 0.21115 0.145690644551735
97 3 0.214256 0.182 0.153492748388345
97 4 0.2065451 0.1668 0.154708103515243
97 5 0.2021024 0.1602 0.154775687003895
97 6 0.197564 0.1569 0.15338961633174
97 7 0.1944211 0.15485 0.153935106658136
97 8 0.1895143 0.15545 0.151936852055459
97 9 0.186994 0.1471 0.151748325322681
97 10 0.1836355 0.1456 0.150864607843091
97 11 0.1817241 0.14565 0.150359306097495
97 12 0.1811581 0.14505 0.150426564760935
97 13 0.178995 0.1432 0.149513082627832
97 14 0.1774994 0.14585 0.150286257318421
97 15 0.1762994 0.13945 0.151846207757884
97 16 0.17674 0.14175 0.154008713467206
97 17 0.1767771 0.1365 0.155115453483847
97 18 0.1772704 0.13975 0.156235228711487
97 19 0.176252 0.1382 0.156631503292996
97 20 0.1755232 0.1385 0.157088964107618
97 21 0.1748305 0.14065 0.157143645321772
98 0 0.255045 0.249 0.129407980435522
98 1 0.248368 0.242 0.133012467056259
98 2 0.2419526 0.23805 0.137749558598691
98 3 0.2381387 0.232 0.139251182127959
98 4 0.2338409 0.22215 0.141537365890189
98 5 0.2304754 0.22125 0.142920603881504
98 6 0.2288436 0.2216 0.144847659917665
98 7 0.2277219 0.22085 0.146179887295893
98 8 0.2256188 0.2203 0.147833544039583
98 9 0.2234505 0.2119 0.149456369439767
98 10 0.2215642 0.20855 0.150757810861978
98 11 0.2214477 0.2127 0.15160024046029
98 12 0.2204051 0.2141 0.152930976088683
98 13 0.2195595 0.20535 0.154395780339803
98 14 0.2172589 0.19885 0.154958596946273
98 15 0.2156085 0.20465 0.155781992498931
98 16 0.2125942 0.19565 0.155640019924704
98 17 0.2096115 0.19725 0.154630823801141
98 18 0.2092172 0.1931 0.155587037089438
98 19 0.2083631 0.19555 0.156420329394353
98 20 0.208115 0.203 0.156272271685984
98 21 0.2083805 0.1972 0.15765274675155
99 0 0.25615 0.25 0.127150024099992
99 1 0.2480565 0.2401 0.130778489558035
99 2 0.2439112 0.23425 0.133341496501461
99 3 0.2406194 0.2252 0.13760416159742
99 4 0.2365971 0.22205 0.141159100710168
99 5 0.2311687 0.2154 0.142298561942983
99 6 0.2271018 0.21065 0.144398859716576
99 7 0.2238504 0.20595 0.147494126449758
99 8 0.2193454 0.20005 0.148854904391496
99 9 0.2138985 0.1955 0.149955900850717
99 10 0.210465 0.1888 0.152283284748569
99 11 0.2094366 0.1867 0.152846150707914
99 12 0.2094455 0.1803 0.154685360459516
99 13 0.2091477 0.18245 0.155953040513982
99 14 0.207459 0.18275 0.155924814724427
99 15 0.2070487 0.1856 0.155667277870816
99 16 0.2051765 0.18475 0.155979492818543
99 17 0.2043882 0.18295 0.155599659044147
99 18 0.2043103 0.1838 0.156034754296786
99 19 0.2045819 0.1819 0.155984408317075
99 20 0.2031604 0.1822 0.155799344760072
99 21 0.2032894 0.1764 0.156848408633722
100 0 0.255067 0.246 0.128929660545463
100 1 0.2469104 0.237 0.136519202915211
100 2 0.2408329 0.2308 0.142116856736133
100 3 0.2377323 0.22985 0.144874082107106
100 4 0.2350447 0.22605 0.147060989206711
100 5 0.2323353 0.223 0.148353831710857
100 6 0.2306251 0.2228 0.149724531508118
100 7 0.2277006 0.2224 0.150691960856267
100 8 0.2257675 0.21855 0.151170319902319
100 9 0.2223656 0.2095 0.152788020524699
100 10 0.2196182 0.20525 0.153650201930597
100 11 0.2173947 0.20065 0.153242163266226
100 12 0.2149665 0.1992 0.153686978547713
100 13 0.2135103 0.1932 0.154623342163633
100 14 0.21111 0.193 0.153951180983213
100 15 0.2107012 0.18725 0.154016648277082
100 16 0.209971 0.1876 0.152715889815048
100 17 0.2089986 0.18755 0.152847797652721
100 18 0.208005 0.1844 0.152926663991469
100 19 0.2067864 0.18615 0.152784814541873
100 20 0.2063441 0.18245 0.153404802919429
100 21 0.2052847 0.18805 0.153097512207593
